0
1
2
3
6
7
8
9
10
11
12
14
15
16
18
19
20
21
22
25
26
27
28
29
30
31
32
34
36
37
38
39
40
41
43
44
46
48
51
52
53
54
55
57
58
59
60
61
62
63
64
65
66
68
69
70
71
72
74
75
76
77
78
79
80
81
82
83
84
86
87
89
90
91
93
94
95
96
99
100
101
102
103
104
105
106
107
108
111
112
113
114
115
116
117
119
120
122
124
125
126
127
128
129
130
131
132
134
135
136
138
140
141
142
143
144
145
147
148
149
150
151
152
153
155
156
157
158
159
160
161
162
163
164
165
166
167
168
169
170
171
173
174
175
176
178
179
180
181
183
184
185
186
188
190
191
192
193
194
196
197
198
202
203
204
205
206
207
208
209
210
211
212
213
214
216
218
219
221
222
223
224
225
226
227
228
230
231
233
235
237
239
241
242
243
244
245
246
247
248
249
250
251
252
253
254
255
256
257
258
259
260
261
262
263
264
265
266
267
270
272
274
275
277
279
280
281
282
283
284
285
286
287
288
290
291
293
294
295
296
297
298
299
300
301
302
