0
2
3
5
6
7
8
9
10
11
12
14
15
16
17
18
19
20
21
22
23
25
26
27
28
29
30
31
32
33
34
35
36
37
38
39
40
41
43
44
45
46
48
49
51
53
54
55
56
57
58
59
61
62
63
64
65
66
68
69
70
71
75
77
78
79
80
81
82
83
84
85
86
87
89
90
91
93
94
96
97
98
100
101
102
103
106
108
109
111
112
113
114
115
116
117
118
120
121
122
124
125
126
127
128
129
130
131
132
134
135
136
138
139
141
142
143
145
146
147
149
150
151
152
153
155
156
157
158
159
160
161
162
163
164
165
166
168
169
171
173
174
175
176
177
179
180
181
183
184
185
186
188
189
190
191
192
193
194
199
200
201
202
203
204
205
206
207
208
210
211
212
213
214
215
216
218
219
220
221
222
223
224
225
226
227
228
230
232
233
235
237
239
241
242
244
245
246
248
249
250
251
252
253
254
255
256
257
258
259
261
262
263
264
265
266
267
269
270
271
272
274
275
277
279
280
281
282
283
284
285
286
287
288
290
291
292
294
295
296
297
299
300
301
302
