0
1
2
3
5
6
7
8
9
10
11
12
14
15
16
17
18
19
20
22
23
25
26
27
28
29
30
33
34
35
36
37
39
40
43
44
45
46
48
49
51
52
53
54
55
56
57
58
59
60
61
62
63
64
65
66
68
69
70
71
72
74
75
76
77
78
79
80
81
82
83
84
85
86
87
89
90
91
93
94
95
96
97
98
99
100
101
103
104
105
106
107
109
111
112
113
114
115
116
118
119
120
121
122
124
125
127
128
129
130
131
132
135
136
138
139
140
141
143
144
146
147
148
149
150
151
152
153
155
156
157
158
160
161
162
164
165
166
167
168
170
171
173
174
176
177
178
179
180
181
183
184
185
188
189
190
192
193
196
197
198
199
200
201
202
203
204
205
206
207
208
209
210
211
212
213
214
215
219
220
221
222
223
225
226
227
228
230
231
232
233
235
237
239
241
242
243
244
245
246
247
248
249
250
251
252
253
254
255
256
258
260
261
262
263
264
265
266
267
269
270
271
272
275
277
279
280
281
282
283
284
287
288
290
291
292
293
294
295
296
297
298
299
300
301
302
