0
1
2
3
4
5
6
7
9
11
12
14
15
16
18
19
20
21
22
23
24
25
26
28
29
32
33
34
36
37
38
41
42
43
44
45
46
47
48
49
51
52
53
54
55
56
57
58
59
60
62
63
64
65
66
67
68
69
70
71
72
73
74
75
76
77
80
82
83
84
85
86
88
90
91
92
94
96
97
98
99
101
104
105
106
107
108
109
111
112
113
115
117
118
119
120
121
122
123
125
126
127
128
129
130
131
132
134
136
137
138
139
140
141
142
143
144
145
146
147
151
152
153
154
155
156
157
159
160
161
162
163
164
165
166
167
169
170
171
173
174
176
177
178
179
180
181
182
183
184
186
187
188
189
190
192
193
194
195
196
197
198
199
200
202
203
204
205
206
208
209
210
211
213
214
215
216
217
218
219
221
222
223
224
225
228
230
231
233
234
236
237
239
240
241
242
243
244
245
246
247
248
249
250
251
252
254
255
257
258
260
262
264
265
267
268
269
270
271
272
273
274
275
276
277
278
281
282
283
285
286
288
289
290
291
292
293
294
295
296
297
299
300
301
302
304
305
