0
1
2
3
4
5
7
8
9
11
12
14
15
16
17
18
19
20
22
23
24
25
26
27
28
29
30
32
33
34
36
37
38
39
41
42
43
45
46
47
48
49
50
51
52
53
54
55
56
57
58
59
60
62
63
64
65
66
68
69
70
71
72
73
74
75
76
77
78
79
80
83
84
85
86
88
89
90
91
92
95
96
97
98
99
100
101
104
107
108
109
110
111
112
113
114
115
116
117
118
119
120
122
123
125
126
127
128
130
131
133
134
137
139
140
142
144
145
146
147
150
151
152
153
155
156
158
159
160
161
162
163
164
165
166
167
168
169
170
171
172
173
174
177
178
179
180
181
182
183
184
185
186
187
188
189
190
192
194
195
196
197
198
199
200
201
202
203
204
205
206
208
209
210
211
213
214
215
216
217
218
219
221
222
223
224
225
227
228
231
232
234
236
237
239
240
241
242
244
246
247
248
249
250
251
252
253
254
255
257
258
259
260
261
264
265
269
270
271
272
273
274
275
276
277
278
281
282
283
285
286
287
288
289
290
291
292
295
296
297
298
299
300
301
302
304
305
