0
1
2
3
4
5
6
7
8
9
11
12
14
15
17
18
19
20
21
22
23
24
25
26
27
28
30
32
34
37
39
41
42
43
44
45
46
47
49
50
51
52
53
54
55
56
57
58
59
60
62
63
64
65
66
67
68
69
70
71
72
73
74
75
76
77
78
79
80
82
83
84
85
88
89
90
91
92
94
95
96
97
98
99
100
101
104
105
106
107
108
109
110
111
112
113
114
115
116
118
120
121
123
125
126
127
128
129
130
131
132
133
134
136
138
139
141
142
143
144
145
146
147
150
151
152
153
154
155
156
157
158
159
160
161
162
163
165
167
168
170
171
172
173
174
176
177
178
180
181
182
183
185
186
187
188
189
190
192
193
195
196
197
199
200
201
202
203
204
205
206
209
213
215
216
218
219
221
222
223
224
225
227
228
230
231
232
233
234
236
239
240
241
242
243
244
245
246
247
248
249
250
251
252
253
254
255
257
258
259
260
261
262
264
265
267
268
269
270
271
272
273
274
275
276
277
278
281
282
283
286
287
288
289
291
292
293
294
295
296
297
298
299
300
301
302
304
305
