0
2
3
4
5
6
7
8
9
11
12
14
15
16
17
18
19
20
21
23
24
25
26
27
28
29
30
33
34
36
37
38
39
41
42
43
44
45
46
47
48
49
50
52
54
55
56
58
59
62
63
64
65
66
67
68
69
70
71
72
73
74
75
76
77
78
79
80
82
83
84
85
86
88
89
90
91
92
94
95
96
98
99
100
101
104
105
106
107
109
110
111
112
113
114
115
116
117
119
120
121
122
125
126
127
128
129
130
131
132
133
136
137
138
139
140
141
142
143
144
145
146
147
150
152
153
154
155
156
157
158
159
160
161
162
163
164
165
166
167
168
169
170
171
172
174
176
177
178
179
181
182
183
184
185
186
187
188
189
190
192
193
194
195
196
197
198
200
201
202
203
205
206
208
209
210
211
213
214
215
216
217
218
219
221
222
224
227
230
232
233
234
236
237
239
240
241
243
244
245
247
248
249
250
251
252
253
254
255
257
258
259
260
261
262
264
265
267
268
270
271
272
273
274
275
276
277
278
281
282
283
285
286
287
289
290
291
292
293
294
295
296
297
298
300
301
302
305
