0
1
4
5
6
7
8
9
11
12
14
16
17
18
19
20
21
22
23
26
27
28
29
30
32
33
34
36
37
38
39
41
42
43
44
45
46
47
48
49
50
51
52
53
54
55
56
57
59
60
62
63
64
65
66
67
68
70
71
72
73
74
77
78
79
82
83
84
85
86
89
90
91
92
94
95
96
97
98
100
101
104
105
106
107
108
109
110
111
112
113
114
115
116
117
118
119
120
121
122
123
125
126
127
128
129
130
131
132
133
134
136
137
138
139
140
141
143
144
146
147
150
151
152
153
154
156
157
158
159
160
161
162
163
164
165
166
167
168
169
170
171
172
173
174
176
178
179
180
181
182
183
184
185
186
188
190
193
194
195
196
197
198
199
200
201
202
203
204
205
206
208
209
210
211
213
214
215
216
217
218
219
221
222
223
224
225
227
228
230
231
232
233
234
236
237
240
241
242
243
245
246
247
248
249
250
251
252
253
255
257
258
259
260
261
262
267
268
269
270
271
272
273
274
275
278
281
282
283
285
286
287
288
290
291
292
293
294
295
297
298
299
300
301
302
304
305
