0
1
2
3
6
7
8
9
10
11
12
13
16
17
19
20
21
22
23
24
25
26
27
28
29
31
33
36
37
38
41
42
45
46
47
50
51
52
53
54
55
56
57
58
59
61
62
64
65
66
67
68
69
71
72
73
74
75
78
79
80
81
82
84
85
86
87
88
89
90
91
92
93
95
96
97
98
99
100
101
102
103
106
108
111
112
113
114
115
116
117
118
119
120
121
122
123
124
125
127
128
130
131
132
133
134
135
136
137
138
139
141
142
143
144
145
146
147
148
149
151
152
153
154
155
156
157
158
160
161
162
163
164
165
166
167
168
169
170
172
173
174
175
177
178
179
180
181
183
184
185
186
187
188
189
190
191
192
193
194
195
197
198
200
201
203
204
205
207
208
209
211
212
214
215
217
218
219
220
221
222
223
226
228
229
230
231
232
233
234
235
236
237
238
239
240
241
242
243
245
246
247
248
249
252
253
254
255
256
257
258
259
260
261
262
263
265
267
268
270
272
274
275
276
277
278
279
280
281
283
284
285
286
287
288
289
290
291
292
294
296
298
299
301
302
303
304
305
