0
1
2
3
5
6
7
8
9
10
11
12
13
16
17
19
20
21
22
24
25
27
28
29
30
33
35
36
37
38
40
42
45
46
47
48
49
50
51
52
53
54
55
56
57
58
59
60
61
62
63
64
66
67
68
69
71
72
73
74
77
78
79
80
82
84
85
86
88
90
91
92
93
95
96
97
98
99
100
101
102
103
104
106
107
108
110
111
112
113
114
115
116
117
118
119
120
121
122
123
124
125
127
128
130
131
132
133
135
138
139
140
141
143
144
145
146
148
151
152
153
154
155
156
157
158
159
160
161
162
163
164
165
166
167
169
170
172
173
174
175
177
178
179
180
181
183
184
185
186
187
188
189
190
191
192
193
194
195
196
197
198
201
202
203
204
205
207
208
209
211
212
213
214
215
217
218
219
220
221
223
224
227
229
230
231
232
233
234
235
236
237
238
240
241
243
247
248
249
250
251
252
253
254
255
256
257
258
259
260
261
262
263
265
266
267
268
269
271
272
273
274
275
276
277
278
279
281
282
283
284
285
286
287
288
290
291
292
294
296
297
298
299
300
302
303
304
305
