0
1
2
3
5
6
7
9
12
16
17
19
20
21
22
23
26
27
29
30
31
33
35
36
37
38
40
41
42
45
46
47
48
49
50
51
52
54
55
56
57
58
59
60
62
63
64
65
66
67
68
69
71
72
73
74
75
77
79
80
81
82
84
85
86
87
88
89
90
91
92
93
95
96
97
98
99
101
102
103
104
106
107
110
111
112
113
114
115
116
117
118
119
120
121
122
124
125
127
128
130
131
132
133
134
135
136
137
138
140
142
143
144
145
146
147
148
149
151
152
153
155
156
157
158
159
160
161
162
163
164
165
166
167
168
169
170
172
174
175
177
178
179
180
181
183
184
185
186
187
188
189
190
192
193
194
195
196
197
198
200
201
202
204
205
207
208
209
211
212
213
214
215
217
218
219
220
222
223
224
226
227
228
229
230
231
233
234
235
238
239
240
241
242
243
245
246
247
249
250
251
252
253
254
256
257
258
259
260
261
262
263
265
266
267
268
269
270
271
272
273
274
275
276
278
279
280
281
282
284
285
286
287
288
289
290
291
292
294
297
298
299
300
301
302
303
304
305
