0
1
2
5
7
8
10
11
12
13
16
17
19
20
21
22
23
24
25
26
28
29
30
31
33
35
36
37
38
40
41
42
45
46
47
48
49
50
51
52
53
54
56
57
58
59
60
61
62
63
64
65
66
67
68
69
71
72
74
75
77
78
79
80
81
82
84
85
86
87
88
89
90
91
92
93
95
96
97
98
99
100
101
102
103
104
106
107
108
110
111
112
113
114
115
116
117
118
119
120
121
122
123
124
125
127
128
131
132
134
135
136
137
138
139
140
141
142
143
144
145
146
147
149
151
153
154
156
157
158
159
161
162
163
164
165
166
167
168
169
170
172
173
174
175
177
178
179
180
181
183
184
185
186
188
189
191
192
193
194
195
196
197
198
200
201
202
203
204
205
208
209
211
212
213
214
215
217
218
219
220
221
222
223
224
226
227
228
229
230
231
232
233
235
236
237
239
240
241
242
243
245
246
247
248
249
250
251
252
254
255
256
257
258
259
263
266
267
268
269
270
271
272
273
275
276
277
278
280
281
282
283
284
285
286
288
289
290
291
292
296
297
298
299
300
301
302
304
305
