0
1
3
5
6
7
8
9
10
11
13
14
15
16
18
20
21
22
23
24
26
27
28
29
30
31
33
34
35
36
37
38
40
42
44
45
47
48
50
51
52
53
54
55
56
58
60
61
62
63
64
65
67
68
69
70
71
73
74
75
76
77
78
79
80
81
82
83
84
85
87
88
89
90
92
93
94
95
96
97
100
101
102
103
104
105
106
108
109
110
111
112
113
114
115
116
117
119
120
122
123
124
125
127
130
131
132
134
135
136
137
138
142
144
145
148
149
150
152
153
154
155
156
157
158
159
160
161
162
163
164
165
166
167
168
169
170
171
172
173
174
175
176
177
178
179
180
181
182
183
184
185
186
187
188
189
190
191
192
193
195
198
199
201
202
204
205
206
207
208
209
210
211
213
215
216
217
220
221
222
224
225
226
229
231
232
234
235
236
237
238
239
240
241
242
243
244
245
246
248
249
250
251
252
253
254
255
256
258
259
260
262
263
265
266
267
268
269
270
271
272
275
277
278
279
280
282
283
284
285
286
287
288
289
290
292
293
294
296
297
298
299
300
301
302
