0
1
3
4
5
6
7
8
10
11
13
15
16
18
20
21
22
23
24
25
26
27
29
30
31
32
33
34
35
36
37
38
42
44
45
46
47
48
49
51
52
53
54
55
56
57
58
59
60
62
63
64
65
66
67
68
69
70
71
75
76
77
78
79
80
81
82
83
84
85
86
87
88
89
90
91
92
93
94
95
96
98
100
101
102
103
104
106
107
108
109
110
111
113
114
116
117
119
120
121
122
123
124
125
126
127
130
131
132
133
134
135
136
137
138
142
143
144
145
148
149
150
152
153
154
155
156
158
160
162
163
164
165
166
167
168
169
170
171
172
173
174
175
176
177
178
180
181
182
185
186
187
188
189
190
191
192
193
195
196
198
199
201
202
204
205
206
208
209
210
211
213
214
215
216
219
221
222
224
225
226
227
229
231
232
233
234
235
236
237
238
239
240
241
242
243
244
245
246
247
248
249
250
252
253
254
255
256
257
258
259
262
264
265
270
271
272
273
275
276
277
278
279
280
282
283
284
285
286
287
288
289
290
291
292
293
294
296
297
298
299
300
301
302
