0
1
2
4
5
6
7
8
11
12
13
14
16
17
19
20
21
22
23
24
26
27
28
29
30
32
33
35
36
37
38
39
40
41
42
45
46
47
49
50
51
53
54
55
58
59
60
61
62
63
64
65
66
67
68
69
72
73
74
75
76
77
78
80
81
82
83
85
86
87
88
89
90
92
93
95
96
98
99
101
102
103
104
105
107
108
109
110
111
112
113
114
115
117
118
119
120
121
122
123
125
126
127
128
129
130
132
133
134
137
138
139
141
142
143
145
147
149
150
151
152
153
154
155
156
157
158
159
160
161
163
164
165
166
167
168
169
171
172
173
175
176
177
178
180
181
182
183
185
186
187
188
189
190
191
192
193
194
195
196
198
199
200
201
202
203
204
205
206
207
208
211
212
214
215
216
217
218
219
222
223
224
226
227
229
230
231
232
233
234
235
236
237
239
240
241
242
243
244
245
246
247
248
249
250
252
253
254
255
256
257
260
262
263
264
265
266
267
268
269
270
271
272
273
275
276
278
279
281
282
283
285
286
287
288
289
290
291
292
293
294
295
296
297
298
299
302
303
304
305
307
309
310
311
314
315
317
319
320
321
322
324
325
326
327
328
329
330
331
332
334
335
337
338
339
340
342
343
