0
1
2
3
4
5
6
7
8
10
11
12
13
14
16
17
19
20
21
22
23
24
26
27
28
29
30
31
32
33
34
35
36
37
38
40
41
42
44
45
47
49
50
51
52
53
54
55
57
58
60
61
62
63
64
65
66
67
68
72
73
75
76
77
78
80
81
82
83
84
85
86
87
88
89
90
93
94
95
97
98
99
100
101
102
103
104
105
107
108
110
111
113
114
115
116
118
119
120
121
122
123
125
126
127
128
129
130
131
132
133
135
137
138
142
143
144
145
146
147
149
150
152
153
154
155
156
159
160
161
163
165
166
167
168
169
170
171
172
173
175
176
177
178
180
181
182
183
184
185
187
188
189
191
192
193
195
196
197
198
199
200
201
203
204
205
206
207
208
211
212
213
214
215
217
218
219
220
221
223
224
226
228
229
230
231
232
233
234
235
236
239
240
241
242
243
244
245
246
247
248
249
251
252
253
254
255
256
257
259
260
261
262
263
264
265
266
267
268
269
270
271
272
273
275
276
277
278
279
281
282
283
284
285
286
288
289
291
292
293
294
295
296
297
298
301
302
304
305
307
308
309
310
311
314
315
317
318
319
320
321
322
324
325
326
327
328
329
331
332
334
335
337
338
339
340
342
343
