0
1
2
3
4
5
6
7
10
13
14
16
19
21
22
23
24
26
27
28
29
30
31
32
33
34
36
37
38
39
40
41
42
44
45
46
47
49
50
51
52
53
54
55
57
58
59
60
61
62
64
65
66
67
68
69
72
73
74
75
76
77
78
80
81
82
83
84
85
86
87
89
90
92
94
95
96
97
98
99
100
101
103
104
105
107
108
109
110
111
112
113
114
115
116
117
118
119
120
121
122
123
125
126
127
129
130
131
132
133
134
135
137
139
141
142
143
144
145
146
147
149
150
151
152
153
154
155
156
157
158
159
160
161
164
165
166
168
170
171
172
173
175
177
178
180
181
182
184
185
186
188
189
190
191
192
193
194
195
196
197
198
199
200
202
203
204
205
206
207
211
212
213
214
215
216
217
218
220
221
222
226
227
228
229
230
231
232
233
234
235
236
237
239
240
241
244
245
248
249
250
251
252
253
254
255
256
257
259
260
261
262
263
264
266
267
268
269
270
271
272
273
276
277
278
279
281
282
283
284
285
286
287
288
289
290
291
292
293
294
295
296
297
298
299
301
302
303
304
305
307
308
309
310
311
314
315
317
318
319
320
321
322
324
326
327
328
330
331
332
334
335
337
338
339
340
342
343
