0
1
2
3
5
6
7
8
10
11
12
13
16
17
19
20
21
22
23
24
26
27
28
29
30
31
34
35
36
37
38
39
40
42
44
46
47
49
50
51
52
53
54
55
57
59
60
61
62
63
64
65
67
68
69
72
73
74
75
76
77
78
81
82
83
84
85
86
87
88
89
90
92
93
94
95
96
97
99
100
101
102
103
105
107
109
110
111
112
113
114
115
116
117
119
120
121
122
123
125
127
128
129
130
131
132
134
135
137
138
139
141
142
143
144
145
146
147
149
150
151
152
153
154
155
156
157
158
159
160
161
163
164
165
166
167
168
169
170
171
173
175
176
177
178
180
181
182
183
184
185
186
187
188
189
190
191
192
193
194
195
196
197
198
199
200
201
202
204
205
206
208
212
213
214
215
216
217
218
219
220
221
222
223
224
226
227
228
229
231
232
233
234
236
237
239
240
241
242
243
244
246
247
248
249
250
251
252
253
254
255
256
257
259
260
261
262
263
265
267
268
269
270
271
272
273
275
277
278
279
282
283
284
285
286
287
288
289
290
291
292
293
295
296
297
298
299
301
302
303
304
305
307
308
309
310
311
317
318
319
321
322
324
325
326
327
328
329
330
331
332
334
335
337
338
339
340
343
