0
1
2
3
4
6
8
10
11
12
13
14
16
17
19
20
21
22
23
24
26
27
29
30
31
32
33
34
35
37
38
39
40
41
42
44
45
46
47
49
50
51
52
54
55
57
58
59
60
61
62
63
64
65
66
67
68
69
72
73
74
75
76
77
78
80
82
83
84
85
88
89
90
92
93
94
95
96
97
98
99
100
101
102
103
104
105
107
108
109
110
111
112
114
115
116
117
118
119
120
121
122
125
126
127
128
129
130
131
132
133
134
135
137
138
139
141
142
143
144
145
146
149
150
151
152
153
154
156
157
158
159
160
161
163
164
165
166
167
168
169
170
172
173
175
176
177
178
180
182
183
184
185
186
187
189
190
191
193
194
195
196
197
198
199
200
201
202
203
204
205
207
208
211
212
213
214
215
216
218
219
220
221
222
223
224
226
227
228
229
230
232
234
235
237
240
241
242
243
244
245
246
247
248
249
250
251
252
253
254
256
259
260
261
263
264
265
266
268
269
270
271
272
273
275
276
277
279
281
282
283
284
285
286
287
288
289
290
291
292
293
294
295
296
297
298
299
301
302
303
305
308
309
311
314
315
317
318
319
320
321
322
325
326
327
328
329
330
331
332
334
335
337
338
339
340
342
343
