0
1
2
3
4
5
6
8
9
11
13
15
16
17
19
20
21
22
23
24
25
27
28
29
30
31
32
36
37
38
39
40
41
42
43
44
46
47
48
49
50
52
53
54
55
56
57
59
60
62
63
64
65
66
67
68
69
70
72
73
75
76
77
78
80
82
83
84
85
87
88
89
90
91
92
93
94
95
97
98
99
100
101
103
104
105
106
108
109
110
111
112
113
114
115
117
118
119
124
125
126
128
129
131
132
133
134
136
137
138
139
140
141
142
145
146
147
148
149
151
152
153
154
155
156
157
158
159
160
161
162
164
165
166
167
169
170
172
173
174
176
177
178
179
180
181
182
183
184
185
186
188
191
192
194
195
197
198
199
200
201
203
204
206
207
208
209
211
212
213
214
215
218
219
220
221
222
223
224
225
226
227
228
229
230
231
233
234
235
236
237
239
240
241
242
243
244
245
246
249
250
251
252
253
254
255
257
258
259
260
261
262
263
265
266
267
268
270
271
272
273
274
275
276
277
278
279
281
282
283
285
286
287
288
289
291
292
293
294
295
296
297
298
299
300
302
