0
1
2
3
4
5
6
8
9
12
13
14
15
16
17
19
20
21
22
23
25
27
28
29
30
31
32
35
36
37
38
39
40
41
42
43
44
45
46
47
48
49
50
52
53
54
56
57
59
60
62
63
64
66
67
68
69
70
72
73
74
76
77
78
80
81
83
85
86
87
88
89
90
91
92
93
94
95
96
97
98
99
100
101
102
104
105
106
107
108
109
110
111
112
113
114
115
116
117
118
119
121
123
124
125
126
128
129
132
133
135
136
138
139
140
141
142
144
145
146
147
148
149
150
151
152
153
155
156
157
158
160
161
162
163
164
165
166
167
170
172
173
174
175
176
177
178
179
180
181
182
183
186
187
188
191
193
194
195
198
199
200
203
204
206
207
208
210
211
212
213
215
216
217
218
219
220
221
222
223
225
226
227
228
229
230
231
233
234
235
236
237
238
239
240
241
242
243
244
245
246
248
249
250
251
252
253
255
257
258
259
260
261
262
263
265
266
267
268
270
271
272
274
275
276
277
278
281
282
283
284
285
286
287
288
289
290
291
292
293
296
297
298
299
300
302
