0
1
2
4
5
6
8
9
11
12
13
14
15
16
17
19
21
22
23
24
25
27
28
29
30
31
35
36
37
38
39
41
42
43
44
45
46
47
48
49
50
52
53
54
55
56
59
60
62
63
64
65
66
67
69
70
72
73
74
75
77
78
80
81
82
84
85
86
87
88
89
90
91
92
94
96
97
99
100
101
102
103
104
105
106
107
108
109
110
111
112
113
114
115
116
118
119
121
123
124
125
126
128
129
131
132
133
134
135
136
137
138
139
140
141
142
144
145
146
147
148
149
150
151
152
153
154
155
156
157
158
159
160
161
162
163
164
165
166
167
169
170
172
174
175
176
177
178
179
180
181
182
183
184
185
186
187
188
191
192
193
194
197
198
199
200
201
203
204
206
207
209
210
212
214
215
216
217
218
219
220
221
222
223
224
225
226
228
230
231
234
235
236
237
238
240
241
243
244
245
246
248
249
250
251
252
253
254
255
257
258
259
260
263
265
266
267
268
270
271
272
273
274
275
276
277
278
279
281
282
283
284
285
286
287
288
290
291
292
294
295
296
298
299
300
302
