0
1
2
3
4
6
8
9
11
12
13
14
15
16
17
19
20
21
22
24
25
27
28
29
30
31
32
35
36
37
38
39
40
41
42
43
44
45
46
47
48
49
50
52
53
55
56
57
59
60
62
64
65
66
67
68
69
70
72
73
74
75
76
78
80
81
82
83
84
85
86
87
88
89
90
91
92
93
94
95
96
97
98
99
102
103
105
107
109
110
111
112
113
114
115
116
117
118
119
121
123
124
125
126
129
131
133
134
135
136
137
138
139
141
142
144
145
146
147
148
149
150
151
152
153
154
155
156
157
158
159
160
161
162
163
164
165
166
167
169
170
172
173
174
175
176
177
179
180
182
183
184
185
186
187
188
191
192
193
194
195
197
200
201
203
206
207
208
209
210
211
212
213
214
215
216
217
218
220
222
223
224
226
227
228
229
230
233
235
238
239
240
241
242
243
244
245
248
249
250
251
252
253
254
255
257
258
259
260
261
262
263
265
266
267
268
270
271
272
273
274
275
276
277
278
279
281
282
283
284
285
286
287
288
289
290
291
292
293
294
295
296
297
298
299
302
