0
1
2
3
4
5
6
7
8
9
11
13
15
16
17
19
20
22
23
24
26
27
29
30
31
32
33
34
35
37
38
39
40
41
42
43
44
45
46
51
52
53
54
56
58
59
60
61
64
65
66
67
68
69
70
71
72
73
74
75
76
77
78
80
82
83
85
86
87
89
93
94
95
97
98
99
100
102
103
104
105
106
107
108
109
110
115
116
117
118
120
121
122
123
124
125
126
127
128
129
130
131
132
133
134
135
136
137
139
140
142
143
144
146
148
149
150
152
153
154
155
156
157
158
160
162
163
165
166
167
169
170
171
172
173
174
175
176
177
178
179
180
181
182
183
184
186
187
188
189
191
192
194
195
196
197
198
199
200
201
203
204
206
207
208
209
210
211
212
214
215
216
217
218
219
220
221
224
225
226
227
228
229
231
232
233
235
236
238
239
240
241
243
244
245
249
250
251
253
254
256
257
258
259
260
262
263
264
265
266
267
268
269
270
271
272
273
274
275
276
277
278
279
280
282
283
284
285
286
287
288
289
290
291
292
293
294
295
296
297
298
299
300
301
302
303
304
305
