0
1
2
3
4
5
6
7
8
9
10
11
12
13
14
15
16
17
18
19
20
21
22
23
26
27
29
30
31
32
33
34
35
36
38
39
40
42
44
45
46
48
50
51
52
53
54
55
56
57
58
59
60
61
62
63
64
66
67
68
69
71
72
73
75
76
77
78
80
81
82
83
85
86
87
88
89
92
93
94
95
97
98
99
100
101
102
103
104
105
106
107
108
109
111
112
115
116
117
118
119
120
121
122
123
124
125
126
127
128
129
130
131
132
133
134
135
136
138
139
140
143
146
148
149
150
152
153
154
155
156
157
158
160
161
162
165
166
167
169
171
172
173
174
175
176
177
178
180
181
182
183
184
186
187
188
189
191
192
193
194
195
196
197
198
199
200
201
203
204
206
207
208
209
210
211
212
214
215
216
218
219
220
221
223
224
225
226
227
228
229
230
231
232
233
234
235
236
238
240
241
242
243
244
245
249
251
253
254
256
258
259
260
261
262
263
265
266
268
269
270
271
272
274
275
276
277
279
280
282
283
285
286
288
289
290
291
292
293
294
296
297
298
299
300
301
302
305
