0
1
2
5
6
7
8
9
10
11
12
13
14
15
17
18
19
20
21
22
23
24
26
27
29
30
32
33
34
35
36
37
38
39
40
41
42
43
44
45
46
48
50
51
52
53
54
55
56
57
58
59
60
61
62
63
64
65
66
67
68
69
70
71
73
74
75
76
77
78
80
81
82
83
85
86
87
88
89
92
93
94
95
97
99
101
102
103
104
105
106
107
108
109
110
111
112
115
116
117
118
119
120
121
123
124
125
126
127
129
130
131
132
133
134
135
136
137
138
139
142
143
144
146
148
152
153
155
156
157
158
160
161
162
163
166
167
169
170
171
172
173
174
175
176
177
178
179
180
181
182
183
184
186
187
189
191
192
193
194
195
196
197
198
201
204
206
207
208
209
210
211
212
214
215
216
217
218
219
220
221
223
224
225
226
227
228
229
230
231
232
233
234
235
236
238
239
241
242
243
244
245
249
250
251
253
254
256
257
259
261
262
263
264
265
266
267
268
270
272
273
274
275
276
278
279
280
283
284
286
287
288
289
290
291
292
293
294
295
296
297
298
299
300
302
303
304
305
