0
2
3
4
5
6
7
8
9
10
11
12
14
15
16
17
18
19
20
21
22
23
24
26
29
30
31
32
33
34
35
36
37
38
39
40
41
42
43
44
45
46
48
50
51
52
53
54
55
56
57
58
59
60
61
62
63
64
65
66
68
70
71
72
73
74
76
77
78
80
81
83
85
87
88
89
92
93
95
97
98
99
100
101
102
103
104
105
106
107
108
109
110
111
112
115
116
117
118
119
120
121
122
123
124
125
126
127
128
129
130
131
132
134
135
136
137
138
139
140
142
143
144
148
149
150
152
154
155
156
157
158
160
161
162
163
165
167
169
170
171
172
174
175
176
178
179
180
181
182
183
184
186
187
188
189
191
192
193
194
195
196
197
198
199
200
201
203
204
206
207
208
210
211
214
216
217
218
220
221
223
224
225
226
227
228
229
230
231
233
234
235
236
239
240
241
242
243
245
249
250
251
253
254
256
257
258
259
260
261
262
264
265
266
267
269
270
271
272
273
274
275
276
277
278
279
280
282
283
284
285
287
288
289
290
291
292
293
295
297
298
300
301
302
303
304
305
