1
2
3
4
5
6
7
8
9
10
11
12
13
14
16
18
19
20
21
22
23
24
26
27
29
31
33
34
35
36
37
38
39
40
41
42
43
45
46
48
50
51
52
53
54
55
56
57
58
59
60
62
63
65
66
67
69
70
71
72
73
74
75
76
77
78
80
81
82
85
86
87
88
89
92
93
94
95
98
99
100
101
102
103
104
105
106
107
108
109
110
111
112
115
116
117
118
119
120
122
123
124
125
126
128
129
130
131
132
133
134
135
136
137
138
140
142
143
144
146
148
149
150
152
153
154
156
157
161
162
163
165
166
167
169
170
171
172
173
174
175
176
177
178
179
180
181
182
184
186
188
189
191
193
194
195
196
197
198
199
200
201
203
204
206
208
209
210
212
214
215
216
217
219
220
221
223
224
225
226
227
228
229
230
231
232
233
234
235
238
239
240
241
242
244
245
249
250
251
253
254
256
257
258
259
260
261
262
263
264
265
267
268
269
270
271
272
273
274
275
276
277
278
279
280
282
283
284
285
286
287
288
289
291
292
293
294
295
296
297
298
299
300
301
303
304
305
