4
6
7
8
9
10
11
12
13
16
17
18
19
20
21
22
23
24
25
26
27
28
30
33
34
35
36
38
39
40
42
43
44
45
46
47
50
51
52
53
54
55
56
57
58
59
60
63
64
65
66
67
69
70
71
72
73
75
79
80
81
83
84
86
87
88
89
90
91
92
93
95
96
97
98
99
100
101
102
105
106
107
108
110
111
112
113
114
115
116
117
119
120
121
122
123
125
126
127
128
130
131
132
133
134
135
136
138
139
140
141
142
143
145
146
147
148
149
150
151
152
153
154
155
157
159
161
162
164
165
166
167
168
169
170
171
172
173
175
176
177
178
179
180
181
182
183
184
185
186
188
189
190
191
192
193
194
195
196
197
199
201
202
204
205
206
208
209
210
211
212
213
217
218
219
220
221
224
225
226
228
229
230
231
232
233
234
235
236
237
238
239
240
241
244
245
246
247
248
249
250
252
253
254
255
256
257
258
259
261
262
263
265
266
267
268
269
272
273
274
275
276
277
278
279
281
283
284
285
286
287
289
290
291
292
293
294
295
296
297
298
299
300
301
302
