0
2
3
4
6
7
8
9
10
11
12
13
16
17
18
19
20
21
22
23
24
25
26
28
29
30
33
34
35
36
37
38
39
40
41
42
43
46
47
48
49
51
52
54
55
56
57
58
59
60
61
63
64
65
66
67
69
70
71
72
73
77
79
80
81
83
84
87
88
89
90
91
93
95
96
97
98
100
101
102
104
105
107
108
109
110
111
113
115
116
118
119
120
121
122
123
125
126
127
129
130
132
133
134
135
136
137
138
139
140
141
142
144
145
146
147
148
149
150
151
152
153
154
155
157
159
160
161
164
165
166
167
168
169
170
171
172
173
175
176
177
178
180
181
182
183
184
186
187
188
189
190
191
192
194
195
196
197
199
200
201
203
204
206
208
209
210
211
212
213
216
217
218
219
220
221
223
224
225
226
227
228
229
230
231
232
233
234
236
238
240
241
244
245
246
247
248
249
250
252
253
254
255
256
257
258
259
261
262
263
264
266
267
269
271
272
273
274
275
276
277
278
279
280
281
283
284
285
286
287
288
289
290
291
292
293
294
295
296
297
298
299
300
301
302
