0
2
3
4
6
7
8
9
10
11
12
13
16
17
18
20
21
22
23
24
25
26
27
28
29
30
33
34
35
37
38
39
40
41
43
44
45
46
47
48
49
50
52
53
54
55
56
57
58
60
61
64
65
66
69
70
71
73
75
77
79
83
84
86
87
88
89
90
91
92
93
95
96
98
99
100
101
102
104
105
106
107
108
109
110
111
112
114
115
116
117
118
119
120
121
125
126
128
129
130
131
132
133
134
135
136
137
138
139
141
142
143
144
145
146
147
148
149
151
152
153
154
155
157
159
160
162
164
165
166
168
169
170
171
172
173
175
176
177
178
179
180
181
182
183
184
185
186
187
188
189
190
193
194
197
199
200
201
202
203
204
205
206
208
209
210
211
212
213
216
218
219
220
221
223
224
225
226
227
228
229
230
231
232
233
235
236
237
238
239
240
241
244
245
246
247
248
249
250
252
253
254
255
256
257
258
259
261
263
264
265
267
268
269
271
272
273
274
275
276
277
278
279
280
281
283
284
285
286
287
288
289
290
291
292
293
294
295
296
297
298
299
300
301
302
