0
2
3
4
6
7
10
11
12
16
17
18
19
20
21
22
23
24
25
26
27
28
29
33
34
35
36
37
38
39
40
41
42
43
44
45
46
47
48
49
50
51
52
53
54
56
57
59
60
61
63
64
66
67
69
70
71
72
73
75
77
79
80
81
83
84
86
87
88
89
90
91
92
93
96
97
98
99
100
101
104
105
106
107
108
109
110
111
112
113
114
115
116
117
118
119
121
122
123
125
126
127
128
129
131
132
133
134
136
137
139
140
141
142
143
144
145
146
147
148
149
150
151
152
153
154
155
157
159
160
161
162
165
166
167
168
169
170
171
172
176
177
178
179
180
181
182
184
185
186
187
188
189
190
191
192
193
194
195
196
197
199
200
201
202
203
204
205
206
208
209
210
211
212
213
216
217
218
219
220
221
223
224
225
227
228
229
230
232
233
234
235
236
237
238
239
240
241
244
245
246
247
248
249
250
252
253
254
256
257
258
261
262
264
265
266
267
268
269
271
273
274
275
276
277
278
279
280
281
283
284
286
288
289
290
291
292
293
294
295
296
297
299
301
302
