1
2
3
5
6
7
8
9
10
11
12
13
14
15
17
18
19
20
21
22
23
24
25
27
28
29
30
31
32
33
34
36
38
39
40
42
43
44
45
46
47
48
49
51
52
53
54
55
56
57
58
59
62
63
64
65
66
67
68
69
70
71
72
73
74
75
76
77
78
79
81
82
84
86
87
88
89
91
92
94
95
99
101
104
105
106
108
109
110
111
113
114
115
117
118
119
120
123
124
125
126
127
128
130
131
132
133
134
135
136
137
138
139
141
142
144
145
146
147
148
150
151
152
153
155
156
158
159
160
161
162
163
164
166
167
168
169
171
173
174
176
177
178
179
180
182
183
184
185
187
189
190
192
193
194
195
196
197
198
200
201
202
203
204
205
206
208
209
210
211
213
214
215
216
217
219
220
222
224
225
226
227
228
229
230
231
232
233
234
236
238
239
240
241
242
243
245
247
248
249
250
251
252
253
255
256
257
258
259
260
261
262
263
265
268
270
271
272
273
275
276
277
278
279
280
281
284
286
287
288
289
290
291
292
293
294
295
296
297
298
299
300
301
303
304
305
306
307
308
309
310
311
312
313
314
315
316
317
318
319
322
323
324
325
327
328
330
331
333
334
335
336
337
338
339
341
342
343
