0
1
2
3
4
5
6
7
8
11
12
13
14
15
18
19
20
21
22
23
24
25
26
27
28
29
30
31
32
33
36
37
38
39
40
42
43
45
46
47
48
49
50
51
53
54
55
56
57
58
59
62
63
65
66
67
68
69
70
72
73
74
75
76
77
78
79
81
83
84
85
86
87
88
89
92
94
95
96
98
99
100
102
104
105
106
107
108
109
110
113
114
115
116
117
118
120
121
122
123
125
126
127
128
130
131
133
134
136
137
138
139
140
141
142
143
144
146
148
149
150
151
152
153
156
158
159
160
162
163
164
165
166
167
168
171
173
174
176
177
178
179
180
182
183
184
185
189
190
192
193
194
195
196
197
199
200
201
202
203
204
205
206
209
210
211
213
214
215
216
217
219
220
221
222
224
225
226
227
228
229
230
231
232
233
234
235
236
238
239
240
241
242
243
244
247
248
249
250
251
252
253
255
256
257
258
259
261
262
263
264
265
266
267
268
270
271
272
273
274
275
277
278
279
280
281
282
284
286
287
288
289
290
291
292
293
294
295
296
297
298
300
301
303
304
306
307
308
309
310
311
312
313
314
315
316
317
318
319
321
322
323
324
325
326
327
328
331
332
333
334
335
336
337
338
339
341
342
343
