0
1
2
3
4
5
6
7
8
9
10
11
12
13
14
15
17
18
19
20
21
22
23
25
26
29
30
31
32
33
34
36
37
38
39
40
42
43
44
45
46
47
48
49
50
51
52
53
54
55
57
58
59
62
63
64
65
66
67
68
70
71
72
73
74
75
76
78
79
81
82
83
84
85
86
88
89
91
92
95
96
98
100
101
102
104
105
106
107
108
109
110
111
113
114
115
116
117
118
119
120
121
122
123
124
125
126
127
130
132
133
134
135
136
137
138
139
140
142
143
145
146
147
148
149
150
152
153
155
156
158
159
160
161
162
163
164
165
166
167
168
169
171
173
174
176
177
179
180
182
183
184
185
187
189
190
192
193
195
196
197
198
199
201
202
203
204
205
206
208
209
210
211
213
215
216
217
219
220
221
222
224
225
226
227
228
229
230
232
233
234
235
236
238
240
241
242
243
244
245
247
248
249
250
251
252
253
255
256
257
258
259
260
261
262
264
265
266
267
268
270
271
273
274
275
276
277
278
279
280
281
282
284
286
288
289
290
291
292
294
295
296
297
299
300
303
304
305
306
307
308
310
311
312
313
314
315
316
317
318
319
321
322
323
324
325
326
327
330
331
332
333
334
337
338
341
342
343
