0
1
2
3
4
5
6
7
8
9
10
11
12
13
14
15
17
19
20
21
22
23
24
25
26
27
28
29
30
31
32
33
34
36
37
38
39
40
42
44
45
46
48
49
50
51
52
53
54
55
56
57
58
63
64
65
66
67
69
70
71
72
73
74
75
76
77
78
79
81
82
83
84
85
86
87
88
89
91
92
94
95
96
98
99
100
101
102
105
106
107
108
109
111
114
115
116
118
119
121
122
123
124
125
126
127
128
130
131
132
133
134
135
136
137
138
139
140
141
142
143
144
145
146
147
148
149
150
151
155
156
158
159
160
161
162
164
165
166
167
168
169
171
173
174
176
178
179
182
183
184
185
187
189
190
192
193
194
196
197
198
199
200
201
202
203
204
205
206
208
209
210
211
213
214
215
216
217
219
221
222
225
227
228
231
232
233
234
235
236
238
239
240
241
242
243
244
245
248
249
250
253
255
256
257
258
259
260
261
262
263
264
265
266
267
270
271
272
273
274
275
276
277
278
279
280
281
282
284
286
287
288
289
290
292
293
294
295
296
298
299
300
301
303
304
305
306
307
308
309
310
312
313
314
315
316
317
318
319
321
322
323
324
325
326
328
330
331
332
333
334
335
336
338
339
341
342
343
