0
3
4
5
6
7
9
10
12
14
15
17
18
20
21
22
23
24
25
26
27
28
30
31
32
33
34
35
36
37
38
40
41
43
44
45
46
47
48
50
51
52
53
55
56
58
59
60
61
62
63
65
67
68
69
71
72
73
74
75
76
77
78
80
82
84
85
86
87
88
89
90
91
92
93
94
95
96
97
98
99
100
101
103
104
105
106
107
109
111
112
113
115
116
117
118
120
121
122
123
124
125
126
127
128
129
130
131
132
133
136
137
140
142
143
144
145
146
147
148
150
152
153
154
155
158
161
162
164
165
166
167
168
169
170
171
172
174
175
178
180
181
182
183
184
185
186
187
188
189
191
192
193
195
196
198
199
200
201
202
204
206
207
208
209
210
212
213
214
215
218
219
220
221
222
223
224
225
226
227
229
230
231
232
233
234
235
236
237
238
240
242
243
244
245
246
248
250
252
253
254
255
256
258
259
260
261
262
264
265
266
267
268
269
270
271
274
275
276
277
278
279
280
282
283
284
285
287
289
290
291
292
294
295
296
297
299
300
302
303
304
305
306
307
308
309
311
312
313
314
315
316
317
318
319
320
321
322
323
324
325
326
327
328
329
330
331
332
333
334
335
336
337
338
339
340
341
342
343
