0
2
3
4
5
6
7
9
10
11
14
15
16
17
18
20
21
22
23
24
26
27
28
30
32
33
34
36
40
41
43
44
45
46
47
48
49
50
51
52
53
54
55
56
58
59
60
61
62
63
64
65
67
69
70
71
72
73
74
75
76
77
78
79
80
81
82
84
85
86
87
88
89
90
91
92
93
94
95
97
98
99
101
102
103
104
105
106
109
111
112
113
114
116
118
120
121
122
123
124
125
127
128
129
130
131
132
133
136
137
138
139
140
142
143
144
146
147
148
150
151
152
153
154
155
157
158
160
161
162
164
165
166
167
169
170
171
172
173
174
175
178
179
180
181
183
184
185
186
187
188
189
190
191
192
193
194
195
196
198
199
200
201
202
203
205
206
207
208
210
212
213
214
215
217
218
219
220
221
222
223
224
225
226
227
228
229
230
231
232
233
234
235
236
237
238
239
240
244
245
247
248
250
251
252
253
254
255
256
258
259
260
261
262
264
265
266
267
268
269
270
271
273
274
275
276
278
279
280
281
283
284
285
287
289
290
291
292
294
295
296
298
299
300
301
302
303
304
305
307
308
309
311
312
313
314
315
316
317
318
320
321
322
323
324
325
326
327
329
332
333
334
335
336
338
339
340
342
343
