1
2
3
5
6
7
8
9
10
11
13
14
15
16
17
18
19
21
22
23
24
25
26
27
28
29
30
31
32
33
35
36
37
38
39
41
42
43
44
45
46
47
48
49
50
53
54
55
56
57
58
59
60
61
62
63
64
65
66
67
68
69
70
71
72
73
76
77
79
80
81
83
84
85
86
87
88
90
91
93
94
95
96
97
98
99
100
101
103
105
106
107
109
110
111
112
113
115
117
118
119
120
121
123
124
125
127
128
129
130
131
133
134
135
136
137
139
140
141
142
144
145
146
147
148
149
150
151
153
154
155
156
157
158
159
160
161
163
165
166
167
169
170
171
172
173
175
176
177
178
179
180
182
183
186
187
188
189
191
192
195
196
197
199
201
203
204
205
206
207
209
210
211
212
213
214
215
216
217
218
220
221
223
224
225
226
227
228
229
231
233
234
236
237
238
239
240
241
242
244
245
246
248
249
251
252
253
254
255
256
257
258
259
260
261
262
263
264
267
268
269
271
272
275
277
279
280
281
283
284
285
286
288
289
291
292
294
295
296
297
300
301
302
304
306
307
308
309
310
311
312
313
315
316
317
318
319
320
321
323
324
325
326
328
329
330
331
332
333
334
335
336
337
338
339
340
341
342
343
