0
1
2
3
5
6
7
8
10
11
13
14
15
16
17
18
19
21
22
23
24
25
26
27
28
29
30
31
32
33
34
35
36
37
38
39
40
41
42
43
44
45
46
49
50
51
53
54
55
57
58
59
60
61
62
63
64
65
66
67
68
69
70
71
73
75
78
79
81
82
83
84
85
86
87
88
90
91
92
93
94
95
96
97
98
99
100
101
103
106
108
110
111
112
113
115
117
118
119
120
121
123
124
125
127
128
129
131
133
134
135
136
137
139
140
141
142
144
145
146
147
148
149
150
151
153
154
155
156
157
158
160
161
162
165
166
167
169
170
171
172
173
174
175
176
177
178
179
181
182
183
186
188
189
190
191
192
195
196
199
201
203
204
205
206
207
208
209
210
211
212
214
215
216
217
218
219
220
221
223
224
226
227
228
229
231
232
233
234
235
236
238
239
240
242
243
245
246
247
249
250
251
252
253
254
255
257
258
259
260
261
262
264
265
266
267
268
269
271
272
274
276
277
278
279
280
281
283
286
288
289
291
292
293
294
295
296
297
298
299
300
301
302
303
304
306
307
308
310
311
313
314
315
316
317
318
319
320
321
322
323
324
325
326
328
329
330
331
332
333
335
336
337
338
339
340
341
342
343
