0
1
2
3
5
6
7
9
11
13
14
16
17
18
19
21
22
23
24
25
26
28
29
30
31
32
33
34
36
37
38
39
40
41
42
43
44
45
46
47
48
49
50
51
53
55
56
58
59
60
61
62
63
64
65
66
67
68
69
70
71
72
73
75
76
77
78
79
80
82
83
85
86
87
88
90
91
92
93
94
96
97
98
99
100
103
105
106
107
108
109
110
111
112
113
115
117
118
119
120
121
124
125
127
128
130
131
133
134
135
136
137
141
142
144
145
146
147
149
150
151
153
154
155
156
157
158
159
161
162
163
165
166
167
169
170
171
173
174
175
176
177
178
179
180
181
182
183
186
187
188
189
190
191
192
195
196
197
199
201
203
204
207
208
209
210
211
212
213
214
215
216
217
218
219
220
223
224
225
226
228
229
231
232
234
235
236
237
238
239
240
241
242
243
244
245
246
247
248
249
250
251
252
254
255
256
257
258
259
260
261
263
265
266
267
268
271
272
274
275
276
277
278
279
280
281
283
284
285
286
288
289
291
292
293
294
295
296
297
298
299
300
301
302
303
304
306
307
308
309
310
311
312
313
314
316
317
319
321
322
323
324
325
326
328
329
330
331
332
334
335
336
337
338
339
340
341
342
343
