0
1
2
3
5
6
7
8
9
10
11
13
15
16
17
18
21
22
23
24
25
26
27
28
29
30
31
32
33
34
35
36
37
39
40
42
43
44
46
47
48
49
50
51
53
54
55
56
57
58
59
60
61
62
63
64
65
66
67
68
69
71
72
73
75
76
77
78
80
81
82
84
85
86
87
88
90
91
92
93
95
96
97
98
99
100
101
103
105
106
107
108
109
110
111
112
113
115
117
118
119
120
121
123
124
125
127
128
129
130
133
135
136
137
139
140
141
142
144
145
146
147
148
149
150
151
153
154
155
156
157
158
159
160
161
162
163
166
167
169
170
171
172
173
174
175
176
177
178
179
180
181
183
186
187
188
189
190
195
197
199
201
203
205
206
208
209
210
212
213
214
215
216
217
218
219
220
221
223
224
225
226
227
228
229
231
232
233
234
235
236
237
238
239
240
241
242
243
244
245
246
247
248
249
250
251
253
254
255
256
257
258
259
261
262
263
264
265
266
267
268
269
272
274
275
276
277
278
280
283
284
285
288
289
291
292
293
294
296
297
298
299
300
301
302
303
304
307
308
309
310
311
312
314
315
317
318
319
320
321
322
324
325
326
328
329
330
331
332
333
334
335
337
338
339
340
341
342
343
