0
1
3
5
6
7
8
9
10
11
12
13
14
15
16
17
18
19
20
23
24
25
26
27
28
29
30
31
32
33
34
35
36
38
39
40
41
42
43
44
45
47
48
49
50
51
52
53
54
57
58
59
60
61
64
65
66
68
69
70
71
72
74
75
76
77
78
79
81
83
84
85
87
88
90
91
92
94
96
97
98
100
102
104
105
107
108
109
110
112
114
115
116
117
118
119
123
124
126
127
128
129
130
131
132
133
134
135
136
137
138
139
140
141
142
143
144
145
146
147
148
149
150
152
153
155
156
157
159
160
163
165
166
168
170
171
172
174
175
176
177
178
179
180
181
183
184
185
186
187
188
189
191
192
193
194
195
196
197
198
199
200
201
202
204
205
206
207
209
210
211
212
213
214
216
217
218
219
220
221
222
223
224
225
227
230
231
232
234
235
237
238
239
240
241
242
243
244
247
248
249
250
251
252
254
256
257
258
260
261
262
263
265
266
267
268
269
270
271
272
273
274
275
277
278
279
281
283
284
286
287
288
289
291
292
293
294
295
296
298
299
300
301
302
304
305
306
307
308
309
310
311
312
313
314
315
316
317
318
320
322
323
324
325
326
327
329
330
331
332
335
336
337
338
339
340
341
342
343
