0
3
4
5
6
7
8
10
11
12
13
15
16
17
18
19
20
21
23
24
25
26
27
28
29
31
32
33
34
35
36
37
38
39
40
41
42
43
44
45
47
48
49
50
52
53
54
56
57
58
59
60
61
64
65
66
68
69
70
72
74
76
78
79
80
81
83
84
87
88
89
90
91
92
93
94
95
96
97
98
100
101
102
103
104
105
106
107
109
110
112
113
114
115
116
117
119
122
123
124
126
127
128
130
131
132
133
134
135
136
137
138
139
140
141
142
143
144
146
147
148
149
150
151
152
153
154
155
156
157
159
160
162
163
164
165
166
170
171
172
174
175
176
177
178
179
180
181
183
184
185
186
187
188
191
192
194
195
196
197
198
199
200
201
203
205
206
207
209
210
211
212
213
214
216
217
218
219
220
221
222
223
224
225
227
228
230
231
232
235
236
237
238
239
241
242
243
244
246
247
248
250
252
253
256
257
258
260
261
262
264
265
266
267
268
269
270
271
272
274
275
277
278
279
280
281
282
283
284
285
286
287
288
289
290
291
292
293
294
295
296
297
298
299
300
301
302
304
305
306
307
309
312
313
315
317
318
320
321
322
323
324
325
326
327
328
329
330
331
332
333
335
336
337
339
340
341
342
343
