0
1
3
4
5
6
7
8
9
10
11
12
13
14
15
16
17
18
19
20
21
23
24
26
27
29
30
31
32
33
34
35
36
37
38
40
41
42
43
44
45
47
48
49
50
51
52
53
54
56
57
58
59
60
61
64
65
66
69
70
71
72
74
75
76
77
80
81
83
84
85
87
88
89
90
91
92
93
95
96
98
100
101
102
103
104
105
106
107
108
109
110
112
113
114
115
116
117
118
119
122
123
124
127
128
129
131
132
133
134
135
136
137
138
139
140
141
142
143
144
145
146
147
148
149
150
151
153
154
155
156
159
160
162
163
164
165
166
168
170
171
172
175
176
177
178
179
180
181
183
184
185
186
188
189
191
192
193
194
195
196
197
198
199
200
201
202
203
204
206
209
210
212
213
214
216
217
219
220
221
222
223
224
225
227
228
230
231
232
234
235
236
237
238
239
240
242
243
246
247
248
249
250
251
253
254
256
257
258
261
262
263
264
265
266
267
268
269
270
271
272
273
274
275
277
279
280
281
282
283
284
285
287
288
289
290
291
292
293
295
296
297
298
299
300
302
304
305
306
307
308
309
310
311
312
313
314
315
316
318
320
321
323
324
327
328
329
330
331
332
333
335
336
338
339
340
341
342
343
