0
1
3
4
5
8
9
10
11
12
13
14
15
16
18
19
20
21
23
24
25
26
27
28
29
30
32
33
35
36
37
38
39
40
42
43
44
45
48
49
50
51
52
53
54
56
57
59
60
61
64
65
66
68
70
71
72
74
75
76
77
78
79
80
81
83
84
85
87
88
89
90
92
93
94
95
96
97
98
100
101
103
104
105
106
107
108
109
110
112
113
114
116
117
118
119
122
123
126
127
128
129
130
131
132
133
134
135
137
138
139
141
142
143
144
145
146
147
148
149
151
152
153
154
156
157
159
160
162
164
165
166
168
170
171
172
174
175
177
178
179
180
181
183
184
185
187
188
189
191
193
194
195
196
197
199
202
203
204
205
206
207
209
210
211
212
214
216
217
218
219
220
221
222
223
224
225
227
228
230
231
232
234
235
236
237
238
239
240
241
242
244
246
247
248
249
250
251
252
253
254
256
257
258
260
261
262
263
264
265
267
268
269
270
271
273
274
275
277
278
279
280
281
282
283
284
285
286
287
288
289
290
291
292
293
294
295
296
297
298
299
300
301
302
304
305
306
307
308
310
311
312
313
314
315
316
317
318
320
321
322
323
324
325
326
328
329
330
331
332
333
335
336
337
338
339
340
341
343
