1
2
3
4
5
6
7
8
9
10
11
12
15
16
17
18
19
20
21
22
23
24
25
26
27
28
29
30
31
32
33
34
35
36
37
39
40
41
42
43
45
46
47
48
50
51
52
54
55
56
58
59
60
61
62
63
64
65
66
67
68
69
70
71
73
74
75
76
77
79
80
81
82
83
84
85
86
87
89
91
92
93
96
97
98
99
100
102
103
104
105
106
108
109
110
111
112
113
115
116
118
119
120
122
124
125
126
127
128
130
131
132
133
134
136
138
139
140
141
142
143
145
146
147
148
149
150
151
152
153
154
155
157
158
159
160
161
162
163
164
167
168
169
171
172
173
174
175
176
177
179
180
181
182
183
184
185
186
190
192
193
194
195
197
198
199
200
202
204
205
207
208
209
210
211
212
213
214
215
216
217
218
221
222
223
225
226
227
228
229
230
231
232
233
236
237
238
239
241
242
243
244
246
247
248
249
250
251
252
253
254
255
257
259
260
261
262
263
264
267
268
269
270
272
273
274
276
278
279
281
282
283
285
286
287
288
289
290
294
295
299
301
302
303
304
305
306
308
312
313
314
315
316
317
318
319
320
321
322
323
324
326
327
329
330
331
332
333
334
335
336
337
338
339
340
341
342
343
