1
2
3
4
5
6
7
8
9
11
12
13
14
15
16
17
18
19
20
21
22
23
24
25
26
27
28
29
30
31
32
33
34
35
36
37
38
39
40
41
42
43
45
46
48
49
50
51
52
54
57
58
59
60
61
62
63
65
66
67
68
69
71
74
75
76
77
79
80
81
82
83
84
85
86
89
90
91
92
93
96
98
99
100
104
105
108
109
110
111
112
113
114
115
116
118
119
120
121
122
125
126
127
128
129
130
131
133
134
135
136
138
139
140
141
142
143
145
146
147
148
149
151
152
153
154
155
156
157
158
159
160
161
162
163
164
168
169
170
171
172
173
174
175
176
177
179
180
181
182
183
184
185
186
188
190
191
192
198
199
200
201
202
204
205
207
208
209
210
211
212
213
214
216
217
218
219
220
221
222
223
225
226
227
228
229
230
231
232
233
234
236
237
238
239
241
242
243
244
245
246
247
249
250
251
252
253
255
256
257
258
259
260
261
262
263
264
265
267
268
269
270
272
275
276
278
279
280
281
282
283
285
286
287
288
290
291
293
294
295
298
300
301
303
304
305
306
307
308
310
311
312
313
314
315
316
318
319
320
321
322
323
324
326
329
330
331
332
333
334
335
336
337
338
339
340
341
342
343
