1
2
3
4
5
6
7
8
9
13
15
17
18
19
20
21
22
24
25
26
28
30
31
32
33
34
35
36
37
38
39
40
41
42
43
44
46
47
48
49
50
51
52
53
54
55
56
58
59
60
61
62
63
64
65
66
67
68
69
70
71
72
73
74
75
76
77
78
79
80
82
83
86
87
88
90
91
92
94
96
97
98
99
101
103
104
105
106
107
108
111
112
114
117
118
119
120
122
123
124
126
127
128
129
130
132
133
134
135
136
137
138
139
140
141
142
143
144
145
146
147
149
151
152
153
154
155
156
157
158
159
161
162
163
164
166
167
168
169
170
171
172
173
174
175
177
179
180
182
183
184
185
186
187
189
190
193
194
195
196
197
198
199
200
201
202
203
204
205
206
207
208
209
211
212
215
217
218
219
221
223
224
225
226
228
229
230
231
232
233
234
235
237
238
239
240
241
242
243
244
245
246
248
251
252
253
254
255
256
257
258
260
261
263
267
268
269
270
271
272
273
274
275
276
278
279
280
281
282
283
284
285
286
287
288
289
291
293
294
295
296
297
298
299
300
301
