0
1
2
3
5
6
7
9
10
11
12
13
14
15
17
19
20
22
24
25
26
27
28
29
30
31
32
33
34
35
36
37
38
39
40
41
42
43
44
45
46
47
48
49
51
52
53
54
55
58
59
60
61
62
63
64
65
66
67
68
69
70
71
72
73
75
76
77
78
79
80
81
82
83
85
87
88
90
91
92
94
96
98
99
101
102
103
104
105
106
107
108
110
111
112
114
116
117
118
119
120
122
124
126
127
128
129
130
132
133
134
135
136
137
138
139
140
141
142
143
144
145
146
147
148
149
150
152
153
154
155
156
157
158
161
163
164
166
168
169
170
171
172
173
174
175
176
177
178
179
180
182
183
184
185
186
187
188
190
191
194
195
196
198
199
200
201
202
205
206
207
208
209
211
212
214
215
218
219
220
221
222
223
224
225
226
228
229
230
231
232
234
235
236
237
238
239
240
242
243
244
245
246
247
248
251
252
253
254
256
257
258
261
263
264
267
268
269
270
271
272
273
274
276
278
279
280
281
282
283
284
285
286
287
288
289
290
291
293
295
296
297
299
300
301
302
