0
2
3
4
5
6
7
8
9
10
11
12
13
14
15
17
18
19
21
22
24
25
26
27
29
30
31
32
33
34
35
36
37
38
39
40
41
42
43
44
45
46
47
48
49
50
51
52
53
54
55
56
58
59
61
62
63
64
65
66
67
68
69
70
71
72
73
74
75
76
77
78
79
80
81
82
83
85
86
87
91
92
94
96
97
98
99
101
102
103
104
105
106
107
108
110
111
112
114
116
117
118
119
120
122
123
124
126
127
128
129
130
132
133
134
135
136
137
138
139
140
142
143
144
145
146
148
149
150
151
152
153
154
156
157
158
159
161
162
163
164
166
167
168
169
170
171
173
174
175
176
177
178
179
182
183
184
186
187
188
189
190
191
193
194
196
197
198
199
200
202
203
204
207
208
209
214
215
217
218
220
221
222
223
224
225
226
229
230
231
233
234
235
236
237
238
239
241
243
244
245
246
247
248
251
252
253
255
256
257
258
260
261
263
264
267
268
269
271
272
273
274
275
276
278
279
281
282
283
284
286
287
288
289
290
291
293
294
295
296
297
298
299
300
301
302
