2
3
4
5
7
9
10
11
13
14
15
16
17
18
19
21
22
23
24
25
26
30
32
33
34
35
37
38
39
40
41
42
43
45
47
48
49
50
51
53
54
55
56
60
61
63
64
65
66
67
69
70
71
72
73
74
75
76
77
78
79
80
81
82
83
87
89
90
91
92
93
94
95
97
98
100
101
102
103
104
105
107
108
109
110
111
112
113
114
115
117
118
119
120
121
122
123
124
126
127
129
131
132
133
135
136
137
138
139
140
141
142
143
144
145
146
147
149
151
152
154
156
157
158
159
161
162
163
164
165
166
168
169
170
171
172
173
175
178
179
180
182
183
184
185
186
187
188
190
191
192
193
194
195
196
197
198
199
200
201
202
203
204
205
207
208
209
211
212
213
214
215
216
217
218
220
221
223
224
226
227
228
229
231
232
234
235
236
237
238
239
240
241
242
243
244
245
246
247
248
249
252
253
254
255
256
258
260
261
262
263
264
265
266
267
268
269
271
272
273
274
275
276
277
279
280
281
282
283
284
285
286
289
291
292
293
295
296
297
298
299
300
301
302
303
304
305
