2
3
4
5
7
9
11
13
14
15
16
17
18
19
21
22
23
26
27
28
30
31
32
33
34
35
37
38
39
40
41
43
44
45
46
48
49
50
51
52
53
54
55
56
60
61
62
63
64
66
67
69
70
71
73
74
75
76
77
78
79
80
81
82
83
84
87
89
90
91
93
94
95
96
97
98
99
100
101
102
104
105
107
108
109
110
111
112
113
114
117
118
119
120
121
123
124
126
127
128
129
130
131
132
133
135
136
137
138
139
140
141
142
143
145
146
147
148
149
150
151
152
153
154
156
157
158
159
160
161
162
163
164
165
166
168
169
170
171
173
174
175
176
177
178
179
180
182
183
184
185
186
187
188
189
190
191
192
193
194
195
196
197
199
200
202
203
204
206
207
208
209
210
212
213
214
215
216
217
218
219
220
221
222
223
224
225
226
227
228
229
230
231
232
234
235
237
238
239
240
241
242
243
244
245
246
248
249
252
253
254
257
258
260
262
263
264
265
266
267
268
269
271
272
273
274
275
276
277
279
280
281
283
284
285
286
288
289
291
293
296
297
298
300
301
302
303
304
