0
1
2
3
4
5
6
7
8
9
10
11
12
13
14
15
16
17
18
19
20
23
24
26
27
28
29
30
31
32
33
34
37
38
39
40
41
42
43
46
47
48
49
50
51
52
53
54
55
57
58
59
60
61
62
63
64
65
66
67
68
69
71
72
73
74
75
76
78
79
80
81
82
84
85
86
87
88
89
90
92
93
94
95
96
97
98
99
100
103
105
106
107
108
109
110
111
112
113
115
117
118
120
121
122
123
124
125
127
129
130
131
132
134
135
136
138
139
140
141
142
143
146
148
150
151
152
153
156
157
158
159
160
162
163
164
165
166
167
168
169
170
171
172
173
174
176
177
179
180
181
182
183
185
187
188
189
190
191
192
193
194
195
196
197
198
199
200
201
203
204
205
206
207
210
211
212
213
214
215
216
217
218
219
220
221
222
224
225
227
228
230
232
233
234
235
236
237
238
240
241
242
243
245
246
247
249
250
253
254
255
256
258
259
260
261
262
263
264
265
266
268
269
271
273
274
275
276
277
278
280
281
283
284
286
287
289
290
291
292
295
296
297
298
301
302
