0
1
2
3
4
5
6
8
9
10
11
12
13
14
15
16
17
18
19
20
21
23
24
26
27
28
29
30
31
32
33
34
37
39
40
41
42
43
44
47
48
49
51
52
53
55
56
57
58
59
61
62
63
64
65
66
67
68
69
71
72
73
74
75
78
79
80
81
85
86
87
89
90
92
93
94
96
97
98
99
100
102
103
104
105
106
107
108
110
111
112
113
115
117
118
119
120
122
123
124
125
127
128
129
130
131
132
133
134
135
136
137
138
139
140
141
142
143
144
146
147
148
149
150
151
152
154
156
157
158
159
160
162
163
164
165
166
167
168
172
173
174
176
177
179
180
181
182
183
185
186
189
190
191
192
193
194
195
196
197
200
201
202
203
204
205
206
207
208
209
210
211
213
214
215
216
217
218
219
220
221
222
223
224
225
226
227
228
229
230
232
233
234
235
236
237
238
239
240
241
243
245
246
247
249
250
251
253
254
255
256
258
259
262
263
264
265
266
267
268
269
270
271
272
273
274
276
277
278
280
281
282
283
284
286
287
289
290
291
292
295
296
297
300
301
302
