1
2
3
4
5
6
7
8
9
10
11
12
13
14
15
16
17
18
19
20
21
23
26
29
30
31
33
34
37
38
39
40
41
42
43
44
46
47
49
50
51
52
53
54
56
57
58
59
60
61
64
65
66
67
68
69
71
72
73
74
76
80
81
82
84
85
86
87
88
90
92
93
94
95
97
98
99
100
102
103
104
105
106
107
108
109
110
111
112
113
115
117
118
119
120
121
122
123
124
127
128
129
130
131
132
133
134
135
136
137
139
140
141
142
144
146
147
148
149
150
151
152
153
154
156
157
158
160
162
163
164
165
166
167
168
169
170
171
173
174
176
177
179
180
181
183
185
186
187
188
189
190
192
193
194
195
196
197
198
199
201
202
203
204
205
206
207
208
209
210
212
213
214
215
216
217
218
219
220
221
222
223
224
225
226
227
228
229
230
232
233
234
235
236
237
239
240
241
242
243
245
246
247
249
250
251
253
254
255
256
258
259
260
261
262
263
264
265
266
267
268
269
270
271
272
273
274
275
276
277
278
280
281
282
283
286
289
291
292
295
296
297
298
300
301
