0
1
2
3
4
5
7
8
9
11
13
14
15
16
17
18
19
20
21
22
23
25
26
27
29
30
31
32
33
34
35
36
39
41
42
43
44
45
46
47
48
49
50
51
52
53
54
55
56
57
59
61
62
64
65
66
68
70
71
72
73
75
76
77
78
79
80
82
83
84
85
86
88
89
91
92
94
95
96
98
99
100
101
102
104
105
106
107
108
109
110
111
112
113
114
115
116
117
121
122
124
125
126
127
128
129
130
131
133
134
135
137
138
139
140
141
143
144
145
146
147
149
150
151
152
153
154
155
156
157
158
159
160
161
163
165
166
167
168
169
170
171
172
173
175
178
179
180
181
182
183
184
185
187
189
190
192
193
195
197
198
200
203
204
205
206
207
208
209
210
212
213
214
215
216
219
220
221
222
223
225
226
227
228
229
230
231
232
233
234
235
236
237
238
240
241
242
243
244
245
247
248
250
251
252
253
255
256
257
260
261
262
263
264
265
266
267
268
269
271
272
273
274
275
276
277
278
279
280
282
284
285
287
288
289
290
291
292
293
294
295
296
297
298
299
301
