0
1
3
4
5
7
9
10
11
12
13
14
15
17
18
21
22
23
24
25
26
27
29
31
33
34
35
36
39
41
43
44
45
46
47
48
49
51
52
53
54
56
57
58
59
61
62
63
64
65
66
67
68
70
71
73
74
75
76
77
78
79
80
82
83
84
85
86
88
89
90
91
92
93
94
95
96
98
99
100
102
103
104
105
106
107
108
109
110
111
112
113
114
115
116
117
118
120
121
122
123
124
125
126
127
128
129
130
131
133
134
135
137
138
139
140
141
143
144
145
147
148
149
150
151
152
153
154
155
156
157
158
159
160
163
164
165
166
167
168
169
170
171
172
173
174
175
176
178
179
180
181
182
183
184
185
187
189
190
192
193
194
195
196
197
200
202
203
205
206
207
208
210
212
213
214
215
216
217
218
219
220
221
223
225
227
228
229
230
231
232
233
234
235
236
237
240
241
242
243
245
248
249
250
251
252
253
255
256
257
259
260
262
263
264
265
266
267
269
270
271
273
274
275
276
277
278
279
280
281
282
285
288
289
290
291
292
293
294
295
296
297
298
299
301
302
