1
2
3
4
5
7
8
9
10
12
14
15
16
17
18
19
20
21
22
23
24
26
27
29
30
31
32
33
34
35
36
39
41
42
43
44
45
46
47
48
49
50
51
52
53
54
55
56
57
58
59
61
62
63
64
65
66
67
68
70
72
73
74
76
77
78
79
80
82
83
84
85
86
88
89
90
91
92
93
95
98
100
101
102
103
104
105
106
108
109
110
111
112
113
114
115
116
118
120
121
122
123
124
125
126
127
128
129
130
131
133
134
135
138
140
141
143
144
145
146
147
148
149
150
151
153
154
155
156
157
158
160
161
163
164
166
167
168
169
171
173
174
176
178
179
180
181
182
183
184
185
187
189
190
192
193
194
195
196
198
200
202
203
204
206
207
209
210
212
214
215
216
217
218
219
220
221
222
223
225
226
227
228
230
231
233
234
235
236
238
240
241
242
243
244
245
247
248
249
250
251
252
253
255
256
257
259
260
261
263
264
265
266
267
268
269
270
271
272
273
274
275
276
277
278
279
280
281
282
284
285
287
288
289
290
291
292
293
294
295
296
297
298
301
302
