0
1
2
4
5
6
7
8
10
11
12
13
14
16
20
21
22
23
24
25
26
27
28
29
30
31
32
33
34
35
36
38
39
40
41
43
45
46
47
48
49
50
51
52
53
54
56
57
58
59
60
61
62
63
67
68
69
70
72
73
74
76
77
78
79
81
82
83
84
85
86
87
89
90
91
92
93
94
95
96
97
98
100
102
103
104
105
106
107
109
110
111
113
114
115
116
117
118
120
121
122
123
124
125
126
127
128
129
130
131
133
134
135
136
137
138
140
141
142
143
144
145
146
147
148
150
151
153
154
155
156
158
159
160
162
163
164
165
166
167
168
169
170
171
172
174
175
176
179
180
181
182
184
185
186
188
189
190
191
193
194
195
196
198
199
201
202
205
206
207
208
209
210
211
212
213
214
215
216
217
218
219
220
222
223
224
226
227
228
229
230
231
232
233
234
237
239
240
241
242
243
244
246
247
248
249
252
255
256
257
258
259
260
263
264
266
268
269
270
271
272
275
276
277
278
279
280
281
282
283
284
285
286
287
288
289
291
292
293
295
297
298
299
300
301
303
304
305
