1
2
3
4
5
6
7
8
10
11
12
13
14
15
16
17
18
20
22
23
24
25
26
27
28
29
31
32
33
34
35
36
38
39
40
41
43
44
45
46
47
48
49
50
51
52
54
56
57
59
60
61
62
63
66
67
69
70
71
72
73
74
75
76
77
78
79
80
83
84
85
86
87
88
90
91
92
95
96
97
98
100
104
105
106
108
109
110
111
113
114
116
117
118
120
121
122
124
125
126
127
128
129
131
133
134
136
137
138
140
141
142
143
145
146
147
148
149
150
151
152
153
154
155
156
158
159
160
161
162
163
164
165
166
167
168
169
170
171
172
173
174
175
177
179
180
181
182
184
185
186
188
189
190
191
193
194
195
196
198
199
200
201
202
205
206
207
208
209
210
211
212
213
214
215
217
218
219
220
222
223
224
225
226
227
228
229
231
232
233
234
235
238
239
241
242
243
244
246
247
248
250
251
252
253
255
256
257
258
259
260
263
264
265
266
268
269
270
271
272
274
275
276
277
278
280
281
282
283
284
285
286
287
288
290
291
292
294
295
296
297
298
299
300
301
303
304
305
