0
1
2
3
4
6
7
8
10
11
12
13
14
15
16
17
18
20
21
22
23
24
25
26
28
29
30
31
32
33
34
36
40
41
43
44
46
47
48
49
50
51
52
53
54
56
57
58
59
60
61
62
63
66
67
68
71
72
73
74
75
76
77
78
79
80
81
82
84
85
86
88
89
91
92
93
94
95
96
97
100
102
103
104
105
106
107
108
109
110
111
113
115
116
117
118
120
121
122
123
124
125
126
127
128
129
130
131
133
134
135
136
137
138
140
142
143
144
145
146
147
148
149
150
151
152
153
154
156
158
159
160
161
162
163
164
165
166
167
168
169
171
172
173
174
176
177
179
180
181
182
184
185
186
188
189
190
191
193
195
196
198
199
200
201
202
205
206
207
208
209
210
211
212
213
214
215
216
217
218
219
220
222
223
224
225
226
227
228
229
230
231
232
233
235
237
238
239
240
242
243
244
246
247
248
249
250
251
252
253
255
256
258
259
260
263
265
266
269
270
271
272
274
275
277
278
279
280
282
284
285
286
287
288
289
290
291
292
293
294
295
296
297
298
299
300
301
303
