0
1
2
3
4
5
6
7
10
12
13
14
15
16
17
18
20
21
22
23
24
25
27
28
30
31
32
33
34
35
36
37
38
39
40
41
42
43
44
46
47
50
54
55
56
57
58
59
60
61
62
63
65
68
69
70
72
73
74
75
76
77
78
79
82
83
85
86
87
88
89
90
91
92
93
94
95
97
98
99
100
101
102
103
105
107
108
109
110
112
113
114
115
116
118
119
120
121
122
123
124
125
126
127
128
129
130
131
132
133
134
136
137
139
140
141
142
145
146
147
148
149
151
152
153
154
155
156
158
161
162
163
165
166
167
168
170
171
172
173
174
175
176
178
179
181
182
184
185
188
189
190
191
192
193
194
195
196
197
201
202
203
204
205
207
208
209
210
211
212
213
214
215
216
217
220
221
222
223
225
228
229
230
231
232
234
235
236
238
239
240
241
242
243
244
245
246
247
248
249
250
251
252
253
254
255
256
257
258
259
260
262
264
265
266
267
268
269
270
272
273
274
275
276
277
278
279
280
281
282
283
284
285
286
288
289
292
293
294
295
297
298
299
300
302
