0
1
2
3
4
5
6
7
8
10
12
13
14
15
16
17
18
19
20
22
23
24
25
26
27
28
30
31
32
33
35
36
37
39
40
41
42
43
44
45
46
47
50
51
52
54
55
56
57
58
59
61
63
65
67
68
69
70
71
72
73
74
75
76
77
78
81
82
83
84
85
86
87
88
89
90
91
92
94
99
100
101
103
107
108
109
110
112
113
115
116
118
119
120
121
122
123
124
125
126
127
128
129
130
131
133
134
135
136
137
140
141
142
143
145
147
148
149
151
153
154
156
158
159
160
161
162
163
165
166
167
168
170
171
172
173
175
177
178
179
181
182
184
185
186
187
188
189
190
191
192
193
194
195
196
197
198
199
200
201
202
203
204
205
207
208
209
211
212
213
214
215
216
217
218
220
221
222
224
225
227
228
229
230
231
232
234
235
236
239
240
241
242
243
244
245
247
248
249
250
251
252
253
254
255
256
258
259
260
261
262
264
265
267
268
269
270
271
273
274
275
276
277
278
279
280
281
282
283
284
285
286
288
289
291
292
293
294
295
297
298
299
300
301
302
