0
1
2
3
4
5
6
8
10
12
13
14
15
16
17
18
19
21
22
23
24
25
26
27
28
31
32
33
34
36
37
38
39
40
41
42
44
45
46
47
50
51
52
55
56
57
58
59
60
61
62
63
65
67
68
69
71
72
73
74
75
77
78
79
81
82
84
86
87
88
89
90
91
92
93
94
95
97
98
99
100
101
102
103
105
107
108
110
112
113
114
115
116
118
119
120
121
122
123
125
126
127
129
130
131
132
133
134
135
136
137
139
140
141
142
143
145
146
147
148
151
152
153
154
155
156
158
159
160
161
162
165
166
167
168
170
171
172
173
174
175
176
177
178
179
181
182
185
186
187
188
189
190
191
192
193
194
195
196
197
198
199
200
201
202
203
204
207
208
209
210
211
212
213
214
215
216
217
218
221
222
223
224
225
227
230
231
232
235
236
238
239
240
241
243
245
246
247
249
251
252
253
254
255
256
257
258
259
260
261
262
264
265
266
267
268
269
271
272
273
274
275
276
277
278
279
280
281
282
284
285
286
288
289
291
292
293
294
295
297
298
299
300
301
302
