0
2
3
4
5
6
7
8
10
12
13
14
15
16
17
18
19
20
21
22
24
25
26
27
28
30
32
33
34
35
36
37
38
40
41
42
43
44
45
46
47
50
51
52
54
56
57
58
59
60
61
62
63
67
68
69
70
71
72
73
74
75
76
79
81
83
84
85
86
88
89
90
91
92
93
94
95
97
98
99
100
101
102
103
105
107
108
109
110
112
113
114
116
118
119
120
122
123
124
125
126
127
128
129
130
131
132
133
135
139
140
141
142
143
145
146
148
149
151
152
153
154
155
156
158
159
160
161
163
165
166
167
168
171
172
173
174
175
176
177
178
179
181
182
184
185
186
187
188
189
190
191
192
193
194
195
196
197
198
199
200
201
202
203
204
205
208
209
210
211
212
213
215
216
217
218
220
221
222
223
224
225
227
228
229
230
231
232
234
235
236
238
239
240
242
244
245
246
247
248
249
250
251
253
254
255
256
257
258
259
260
261
262
266
267
268
269
270
271
272
273
274
275
276
277
278
279
280
281
282
283
284
285
286
291
292
293
294
295
297
298
299
300
301
