0
1
2
3
4
5
6
7
8
10
14
16
17
18
19
20
21
22
23
24
25
26
27
28
30
31
32
34
35
36
37
38
39
40
43
44
45
46
47
50
51
52
54
55
56
57
58
59
60
61
62
65
67
68
69
70
71
72
73
75
76
77
78
79
81
82
83
84
85
86
87
89
90
91
92
93
94
95
97
98
99
101
102
103
105
107
108
109
110
112
113
114
115
116
118
120
121
122
123
124
125
126
127
128
129
130
131
132
134
135
136
137
139
140
141
142
143
146
147
148
149
151
152
153
155
156
158
159
160
161
162
163
165
166
167
168
170
171
172
174
175
176
177
178
179
181
182
184
185
186
187
188
189
192
193
194
195
196
197
198
199
200
201
202
203
204
205
207
208
209
210
211
213
214
215
217
218
220
221
223
224
225
227
228
229
230
231
234
235
236
238
239
240
241
242
243
244
245
246
248
249
250
251
252
253
254
256
257
258
261
262
264
265
266
267
268
269
270
271
272
273
274
275
276
277
278
279
281
282
283
285
286
288
289
291
292
293
294
295
297
298
299
300
301
302
