0
1
2
3
4
5
6
7
8
10
12
13
14
15
16
17
19
20
21
22
23
24
25
26
27
28
30
31
32
33
34
35
36
37
38
39
41
42
43
44
45
46
47
50
51
52
54
55
57
59
60
62
63
65
67
68
69
70
71
72
73
74
75
76
77
78
79
81
82
83
84
85
86
87
88
89
90
91
92
93
94
95
97
98
99
100
102
103
105
107
108
109
110
112
113
114
115
116
119
120
121
122
123
124
126
127
128
129
130
132
133
134
135
136
137
139
140
141
142
143
145
146
147
148
149
151
152
153
154
155
156
158
159
160
161
162
163
165
166
170
171
172
173
174
175
176
177
182
184
185
186
187
188
189
190
191
192
193
194
195
196
197
198
199
200
202
203
204
205
207
208
210
211
212
214
215
216
218
220
222
223
224
227
228
229
230
232
234
236
238
239
241
242
243
244
245
246
247
248
249
250
251
252
253
254
255
256
257
258
259
260
261
264
265
266
267
268
269
270
271
272
273
274
275
277
278
279
280
281
282
283
284
285
288
289
291
293
294
295
297
298
299
300
301
302
