0
1
2
4
5
7
8
9
12
14
15
16
17
18
19
20
21
23
24
25
26
27
29
30
31
32
33
34
35
36
37
39
40
42
43
44
45
47
48
50
51
52
54
55
56
57
58
59
61
64
65
67
68
70
71
72
75
76
77
79
80
81
82
84
85
86
87
88
90
91
92
93
94
95
97
98
99
101
102
103
104
105
106
108
110
111
112
113
114
115
116
118
119
120
121
122
123
124
125
126
128
129
130
132
134
135
136
138
139
140
141
142
143
144
146
147
148
149
150
151
153
154
155
156
157
159
160
162
163
165
166
167
168
170
171
172
173
174
175
176
177
178
180
181
182
183
184
185
186
187
188
189
190
191
192
193
194
195
196
197
198
199
200
201
202
203
204
205
206
207
208
209
210
211
212
213
214
215
216
217
219
220
221
222
223
225
226
227
229
231
232
234
235
236
237
238
239
240
241
243
244
245
246
247
248
249
250
251
252
253
256
257
258
259
260
261
262
263
266
267
268
271
272
273
275
276
277
278
279
280
281
282
284
285
287
288
291
292
293
294
295
296
297
299
301
303
305
