0
1
2
5
6
7
8
9
10
12
13
15
16
17
18
19
20
21
23
24
25
26
27
28
30
31
32
33
34
35
36
37
39
40
41
42
43
44
45
47
48
49
50
52
54
56
57
58
59
60
64
65
67
70
71
74
75
76
77
79
80
81
83
85
86
87
88
90
91
92
94
95
96
98
99
100
101
102
103
104
105
106
107
108
109
110
113
114
115
116
117
118
119
120
121
122
123
124
125
126
127
129
130
132
134
135
136
138
139
140
141
142
144
145
146
147
148
149
150
151
152
153
154
155
156
157
159
160
162
163
164
165
166
168
170
171
172
173
174
175
176
178
180
182
183
185
186
187
188
189
191
192
194
195
196
197
198
199
200
201
202
204
205
206
207
208
209
210
211
212
213
214
215
216
217
219
220
221
222
223
225
226
227
229
231
232
233
234
235
236
237
238
239
240
241
242
243
244
245
246
247
248
249
250
251
253
254
255
256
257
258
259
260
261
263
264
265
266
267
268
270
271
272
273
275
276
277
278
279
280
281
282
283
284
285
287
288
290
291
292
293
294
295
299
301
302
303
305
