0
1
2
4
5
6
7
8
9
10
13
14
16
17
18
20
21
23
24
25
26
28
29
30
31
32
33
34
35
36
37
39
40
41
42
44
45
47
48
49
50
51
52
54
55
57
58
59
60
61
64
65
67
68
70
71
72
74
75
77
79
80
81
82
83
84
85
88
90
91
92
93
94
95
96
97
98
99
100
101
103
104
105
106
107
108
109
110
111
112
113
114
115
117
118
121
122
123
124
125
126
127
128
129
132
134
135
136
138
140
141
142
143
144
145
147
148
149
150
151
152
153
154
155
156
157
159
160
162
163
164
165
166
167
168
170
171
172
173
174
175
176
177
178
181
182
183
184
185
186
187
190
191
192
193
194
195
198
199
200
201
202
203
204
205
206
207
208
209
210
212
214
215
217
219
220
221
222
223
225
226
227
229
231
232
233
234
235
236
237
238
239
240
241
242
243
244
245
246
247
248
249
250
251
252
253
254
255
256
257
258
259
260
261
262
263
264
265
266
267
268
270
271
272
275
276
278
279
280
282
283
284
287
288
290
291
292
293
294
295
296
297
299
301
302
303
305
