1
2
3
4
6
8
9
10
11
12
13
14
15
16
17
18
19
20
22
25
28
29
30
31
32
33
34
35
36
37
38
39
40
41
42
43
44
45
46
48
49
50
51
52
53
54
55
56
58
59
60
61
62
63
64
65
67
68
69
70
71
72
73
74
75
76
77
79
80
84
85
86
87
88
89
90
91
92
93
94
95
96
97
98
99
100
101
102
104
106
107
110
111
112
113
114
116
117
119
120
121
122
123
124
126
128
129
131
132
133
134
135
136
137
138
139
140
141
142
143
144
147
148
149
150
151
152
154
155
156
157
158
159
160
161
162
163
164
165
167
168
169
170
172
174
175
176
177
178
180
181
182
183
184
185
186
187
188
189
190
192
193
195
196
197
198
199
200
202
203
205
206
207
208
209
210
211
212
214
215
216
217
218
220
221
222
223
224
225
227
228
229
230
231
234
237
238
240
241
242
243
244
245
246
247
248
249
252
253
254
255
257
258
259
260
262
263
264
265
266
267
269
270
271
272
273
274
275
276
277
279
280
281
282
283
285
286
287
288
290
291
292
293
296
297
298
299
300
302
303
305
306
307
310
312
313
315
316
317
318
319
320
323
324
325
326
327
328
329
333
334
335
336
337
339
340
341
342
343
