0
1
2
4
5
6
8
9
11
13
14
15
16
17
18
19
20
21
22
24
25
26
27
28
29
31
32
34
35
36
37
39
41
42
43
46
47
48
49
51
52
53
54
55
56
57
58
60
61
62
63
64
66
67
68
69
70
71
73
74
75
76
77
78
79
80
81
82
83
84
85
86
88
89
90
91
92
93
94
95
97
98
99
101
102
103
104
106
107
108
111
112
113
114
116
117
120
121
122
124
125
126
127
128
129
130
132
133
134
136
137
138
139
140
141
143
144
145
146
147
148
149
150
151
152
153
154
156
157
158
159
161
162
163
164
165
166
168
169
170
171
172
173
174
175
177
178
181
182
183
184
185
186
187
188
189
190
191
192
193
194
195
196
197
198
199
200
201
203
204
205
206
208
209
210
211
212
213
215
216
217
218
219
222
223
224
225
226
227
228
229
230
232
233
234
235
236
237
238
241
244
245
247
248
249
250
251
252
254
255
256
257
258
259
261
263
265
266
267
269
270
271
272
273
274
276
277
280
281
282
283
285
286
287
288
289
290
291
292
293
294
296
297
298
300
303
304
305
306
308
309
310
311
312
313
314
316
317
318
319
320
321
322
323
325
326
327
328
329
330
332
333
334
335
336
338
340
341
342
