0
1
2
4
5
6
7
8
9
10
11
12
13
14
15
16
17
18
19
20
21
22
24
26
27
28
29
31
32
34
35
36
37
39
42
44
47
48
49
51
52
54
55
56
57
58
60
61
62
64
66
67
68
69
70
71
72
73
74
75
76
77
78
79
81
82
83
84
86
88
90
91
92
93
94
95
97
98
99
100
101
102
103
104
105
106
107
108
109
110
111
112
114
115
116
117
118
119
121
123
125
126
127
128
129
130
132
133
134
135
136
137
138
140
141
142
144
145
146
147
149
150
151
152
153
154
156
157
158
159
161
162
163
164
165
166
167
168
169
170
171
172
173
174
175
176
177
178
179
180
181
182
183
184
185
186
187
188
189
190
191
192
193
194
195
196
197
198
200
201
202
203
204
205
206
207
209
210
211
212
213
214
215
216
217
218
219
222
223
224
225
226
229
230
232
234
236
237
238
240
241
244
245
246
247
248
249
251
252
256
257
258
261
263
265
266
267
269
270
271
272
273
274
277
278
280
281
282
283
284
285
286
288
289
290
291
292
293
294
295
296
297
298
300
302
304
305
306
308
309
310
311
312
313
314
316
317
318
319
320
321
322
323
325
326
327
328
329
330
331
333
334
335
338
339
340
341
342
343
