0
1
2
4
5
6
7
8
10
11
12
14
15
16
17
18
19
20
22
25
26
27
28
29
32
34
36
39
41
42
43
44
46
47
49
52
53
54
55
56
57
58
61
63
64
66
67
68
69
70
71
72
74
76
77
80
81
82
83
84
85
88
89
90
91
92
93
94
95
97
98
99
100
101
102
103
105
106
107
108
109
110
111
112
113
114
115
117
118
119
120
121
122
123
124
125
126
127
128
129
130
133
134
135
136
137
138
139
140
141
142
143
144
145
146
147
148
149
150
151
152
153
154
157
158
159
161
162
163
164
165
166
167
168
169
170
172
173
174
175
176
177
178
179
180
182
183
184
185
186
187
188
189
190
191
192
193
194
195
196
197
198
199
200
201
202
203
204
205
206
207
208
209
210
211
212
213
214
215
216
217
218
219
222
223
224
225
226
227
228
229
232
233
234
235
236
237
238
240
241
244
245
246
247
248
249
250
252
254
255
256
257
258
259
263
265
266
267
269
270
271
272
273
274
276
277
278
280
281
284
285
286
287
288
289
290
291
292
293
294
295
296
297
300
302
303
304
305
306
308
309
310
312
313
314
316
317
318
319
320
321
322
323
325
326
328
329
330
331
332
334
335
336
338
339
340
341
342
343
