0
1
2
4
5
6
7
8
9
10
11
12
13
14
15
16
18
19
20
21
22
24
25
28
29
31
32
35
36
37
39
41
42
43
44
46
47
48
49
51
52
53
54
55
56
57
58
60
61
62
63
66
68
69
71
72
73
74
75
76
77
78
79
80
81
82
83
84
85
86
88
89
90
93
94
95
97
98
100
101
102
103
104
105
106
107
108
109
110
111
112
113
114
115
116
117
118
119
120
121
122
123
124
125
126
127
129
130
132
134
135
136
137
138
139
142
143
144
145
146
147
148
149
150
151
152
153
154
156
157
158
159
161
162
163
164
165
166
167
168
169
170
171
174
175
176
178
179
180
181
183
184
185
186
187
188
189
190
191
192
194
195
196
199
200
201
202
203
204
205
206
207
208
209
210
211
212
213
214
215
217
218
219
222
223
224
225
227
228
229
230
232
233
234
235
236
237
240
241
244
245
246
247
248
249
250
251
252
254
255
256
257
258
259
261
263
265
266
267
270
271
272
273
274
276
277
278
281
282
283
284
285
286
287
288
290
291
292
293
294
295
296
297
298
300
302
303
304
305
306
308
309
310
311
312
313
314
316
318
319
320
321
323
325
326
327
328
329
331
332
333
335
336
338
339
340
341
342
343
