0
1
2
3
4
6
8
9
10
13
14
15
16
17
18
19
20
23
25
27
28
29
31
32
33
34
35
36
37
38
39
40
41
42
43
45
46
47
48
50
51
52
53
54
55
56
57
58
59
61
62
64
65
67
68
69
70
71
73
75
76
77
79
81
83
84
85
86
87
88
89
90
91
92
93
94
95
96
97
99
100
101
102
103
105
106
107
109
110
111
112
113
114
115
116
117
118
119
120
121
122
124
125
126
128
129
130
131
132
134
135
136
137
139
140
141
143
145
146
147
148
149
150
151
152
153
154
155
156
158
159
160
161
162
163
164
165
166
167
168
169
171
172
174
175
176
177
178
180
181
182
183
184
185
186
187
188
190
191
192
193
194
196
199
200
201
202
203
204
205
206
207
208
210
212
213
214
216
217
218
219
220
221
222
224
225
229
230
232
233
234
235
236
237
238
239
240
244
245
246
247
248
249
251
252
254
255
259
260
261
262
263
264
266
267
268
269
270
272
273
274
276
277
278
279
280
281
282
283
284
285
286
287
288
289
290
291
292
293
294
295
296
298
299
301
302
303
304
