0
1
2
3
4
8
9
11
12
13
14
15
16
17
18
19
22
23
25
27
28
31
32
33
34
35
36
37
38
39
41
42
43
44
45
46
48
49
50
52
53
54
55
56
57
58
59
61
62
63
65
66
67
68
69
70
71
73
74
75
76
77
78
79
81
83
85
86
87
88
90
91
92
93
94
95
96
97
98
100
101
103
104
105
106
107
109
110
111
112
113
114
115
116
117
118
120
121
122
124
125
126
128
129
130
132
133
134
136
137
138
139
140
141
143
145
146
147
148
149
150
151
152
153
154
155
156
157
158
159
160
161
162
164
167
168
169
170
171
172
174
176
177
178
179
180
181
182
183
184
186
187
188
189
191
192
193
194
196
197
199
200
201
202
203
204
205
207
208
210
212
214
216
217
218
219
220
221
222
224
225
226
228
229
230
232
233
234
235
236
237
238
239
240
242
243
245
246
247
248
249
250
251
252
254
255
256
259
260
261
262
263
264
266
267
268
269
270
272
273
274
275
276
278
279
280
281
282
283
284
285
287
288
289
290
291
292
293
294
296
297
299
300
301
302
303
304
