0
1
2
3
4
6
8
9
10
11
12
13
14
15
17
18
19
20
22
23
25
27
28
29
31
32
33
34
35
36
37
38
39
40
41
42
44
45
46
47
49
50
51
52
54
55
56
57
58
59
61
62
63
64
65
66
67
70
74
75
76
77
78
81
83
84
85
86
87
88
89
90
91
92
93
94
96
97
98
99
100
101
102
103
104
105
106
107
109
110
111
112
113
114
115
116
117
118
119
122
124
125
126
128
129
131
132
133
134
135
136
137
138
139
140
141
143
145
146
147
148
151
152
153
154
155
156
157
158
159
160
161
162
163
164
165
166
167
168
169
170
172
174
175
176
177
179
180
181
182
183
184
185
186
187
188
189
190
191
192
193
194
196
197
199
200
201
202
203
204
205
206
207
210
212
213
214
216
217
218
220
221
222
225
226
228
229
230
232
233
234
235
236
237
238
239
240
242
243
244
245
246
247
248
249
250
251
252
254
255
256
259
260
261
263
264
266
267
268
269
270
272
274
275
276
277
280
281
282
283
284
286
287
288
289
291
292
293
294
295
296
297
298
299
300
301
302
303
