0
1
2
4
5
7
8
9
10
12
13
15
16
18
19
20
21
22
23
24
25
26
27
28
29
30
32
33
34
37
38
40
41
42
43
45
46
48
50
52
53
55
56
57
59
60
61
62
64
65
66
67
69
70
71
72
74
75
77
78
79
80
81
82
83
87
88
89
90
91
93
94
95
96
97
98
99
101
102
103
104
105
106
107
108
109
110
111
112
114
115
116
117
118
120
122
123
124
125
127
129
130
131
132
134
136
137
140
141
142
143
144
145
146
148
149
150
151
152
153
154
155
156
157
158
160
161
162
163
164
165
166
167
168
169
170
173
174
175
176
177
178
179
181
182
184
185
186
188
189
190
192
193
196
197
198
199
200
202
203
204
205
206
208
209
210
211
212
213
214
215
216
218
219
220
221
222
223
224
225
226
229
230
231
232
233
234
235
236
237
239
240
241
242
243
245
246
247
249
250
251
252
254
255
256
257
259
260
261
262
263
264
265
266
268
269
271
272
275
276
277
278
279
280
281
282
283
284
285
286
287
288
289
290
291
292
293
294
295
296
297
299
301
302
303
304
305
306
307
308
309
310
311
312
313
314
315
316
318
319
320
322
323
324
325
327
328
329
330
331
332
334
335
336
337
338
340
341
342
