0
1
2
3
4
5
7
8
9
10
12
13
15
16
19
20
21
22
23
24
25
27
28
29
30
32
33
34
35
37
38
39
40
42
43
44
45
46
47
48
50
52
53
55
57
59
60
61
62
63
64
65
66
67
69
70
72
73
74
75
77
78
79
80
81
82
83
86
87
89
90
91
95
97
98
99
101
102
103
104
106
107
108
109
110
111
112
114
115
116
117
119
121
122
123
124
125
126
129
130
131
132
134
135
137
138
140
141
142
143
144
145
146
148
149
150
151
152
153
154
155
156
157
158
159
160
161
162
164
165
166
167
168
169
171
172
174
175
176
177
178
179
181
182
184
185
186
187
188
189
190
191
192
193
194
196
197
198
199
200
202
203
204
205
206
207
208
209
210
211
212
213
214
215
216
218
219
220
221
222
223
224
225
226
229
230
231
232
234
235
236
237
238
239
240
241
242
243
245
246
247
249
250
252
253
254
255
256
258
259
260
262
264
265
266
268
269
270
271
272
273
274
276
277
278
279
280
281
282
283
284
285
286
287
288
289
290
291
292
293
294
295
296
297
300
301
302
303
306
307
311
312
313
314
316
318
319
320
321
322
323
324
325
326
328
329
330
331
332
333
334
335
336
337
338
340
341
342
343
