0
1
2
3
4
5
7
8
9
10
12
13
15
16
18
19
20
21
22
23
24
25
26
27
28
30
32
33
34
35
37
38
39
40
41
42
43
44
45
46
47
50
52
53
55
56
57
59
61
63
64
65
67
69
70
71
72
73
74
75
77
79
80
81
82
86
87
88
89
91
93
94
95
96
98
99
101
102
103
104
105
106
107
108
109
110
111
112
114
115
116
117
118
119
120
121
122
126
127
129
130
131
132
134
135
136
138
140
141
142
143
144
145
148
149
150
151
152
153
154
155
156
157
158
159
160
161
162
163
164
165
168
169
170
171
172
173
174
176
177
178
179
181
182
184
185
186
187
188
189
190
191
192
193
194
196
197
198
200
202
203
204
205
207
208
209
210
211
212
213
214
215
216
218
219
220
221
222
223
224
225
226
229
232
233
234
235
236
238
239
241
242
243
245
246
247
249
250
251
252
253
256
257
258
259
260
261
262
263
264
266
268
270
272
273
274
275
276
277
278
279
280
281
282
283
284
286
287
288
289
290
291
292
293
294
295
296
297
299
300
302
303
304
305
306
307
308
309
310
311
312
313
314
315
316
318
319
320
321
322
323
324
325
326
327
328
329
330
331
332
333
335
336
337
338
340
341
342
343
