0
1
2
3
5
7
8
9
10
12
13
15
16
18
19
20
21
23
24
25
26
27
28
29
30
32
33
35
37
38
39
40
41
42
43
44
45
46
47
48
53
56
57
59
60
61
62
63
64
65
66
67
69
70
71
72
73
74
77
78
79
80
81
82
83
86
88
90
91
93
94
95
96
97
98
99
101
102
103
104
105
106
107
108
109
110
111
112
114
116
117
118
119
120
121
122
123
124
125
126
127
129
130
132
135
136
137
138
140
141
142
143
145
146
148
149
150
151
152
154
155
156
158
159
161
162
163
164
165
166
167
168
169
170
171
172
173
174
175
176
177
178
179
181
182
184
185
186
187
188
189
190
191
192
194
197
198
199
200
202
203
204
205
206
207
210
211
212
213
214
215
216
218
219
220
221
222
223
224
225
226
229
230
231
232
233
234
235
236
237
238
239
240
241
242
243
245
246
249
250
251
252
253
254
255
256
257
258
259
260
261
263
264
265
266
268
269
270
271
272
273
274
275
276
277
278
279
280
282
283
284
285
286
289
291
292
293
294
295
296
297
299
300
301
302
304
305
306
307
308
309
310
311
312
313
314
315
316
318
319
320
321
322
324
325
326
327
331
332
333
334
335
336
337
338
340
341
342
343
