0
1
2
4
5
7
8
9
10
11
12
13
14
15
16
17
18
20
22
24
25
26
28
31
32
33
34
35
36
37
38
39
40
41
42
43
45
46
47
48
49
50
51
53
57
58
59
60
61
62
64
65
66
67
68
70
71
72
73
74
75
76
77
78
79
80
81
82
83
85
87
89
90
91
92
93
94
95
96
97
99
100
101
103
104
106
108
110
111
113
114
115
117
118
119
120
121
124
125
126
128
129
130
131
133
134
136
137
138
139
140
141
142
143
144
145
146
147
148
150
151
152
153
155
156
157
158
159
160
161
162
163
164
165
167
168
169
170
171
172
174
175
177
179
180
181
182
183
184
185
186
187
188
189
190
191
192
193
194
195
197
198
199
201
202
203
205
206
207
208
209
210
212
213
214
215
216
217
218
219
222
224
226
227
228
231
232
233
234
235
236
237
238
239
240
241
242
243
244
246
247
248
249
250
251
252
253
254
255
256
257
258
259
260
261
262
263
264
265
266
268
269
270
273
274
276
277
278
279
280
281
282
283
285
288
289
290
292
293
294
295
296
299
300
301
