0
1
2
4
5
6
7
8
9
11
12
13
14
15
16
17
18
19
20
21
22
23
24
25
26
28
29
31
32
33
34
35
36
37
38
39
40
41
42
43
45
46
47
48
49
50
51
53
57
58
60
62
64
65
66
67
68
69
70
71
72
74
75
76
77
78
79
80
81
82
83
84
85
87
88
89
90
91
92
93
94
95
96
99
100
103
104
106
108
109
110
111
113
114
115
116
117
118
119
121
122
123
124
125
126
127
128
130
131
132
134
136
137
138
140
141
142
143
145
146
148
150
151
152
153
154
155
156
157
158
159
160
162
163
164
167
168
169
170
171
172
174
175
177
178
179
181
182
183
184
186
187
188
189
190
192
193
194
195
196
197
199
200
201
202
203
205
206
207
210
211
212
213
214
215
216
217
218
219
222
223
226
228
229
230
231
232
233
234
235
236
238
239
240
241
242
243
244
247
248
249
251
252
253
254
255
256
257
258
259
260
261
262
263
264
265
266
267
268
269
273
274
275
276
277
278
279
280
281
282
283
284
286
287
288
289
290
291
292
293
294
295
296
299
300
301
