0
1
2
4
5
6
7
8
9
10
11
12
15
16
17
18
19
20
21
22
23
24
25
26
28
29
31
32
34
35
36
37
38
39
40
42
43
46
47
48
49
50
53
58
59
60
61
62
64
65
67
68
69
70
71
72
73
75
76
77
78
79
80
81
82
84
85
87
88
89
90
91
92
93
94
96
97
99
100
101
103
108
109
110
111
113
114
115
116
117
118
119
120
121
122
123
124
125
126
127
128
129
130
131
132
133
134
136
137
139
140
141
142
143
144
145
146
147
148
150
151
153
154
156
158
159
160
161
162
164
165
167
168
169
170
171
172
174
175
177
178
179
180
181
183
184
185
186
188
190
191
192
193
194
195
196
197
198
199
200
201
202
203
205
206
207
208
209
211
212
213
214
215
216
217
218
219
222
223
224
226
227
228
229
230
231
232
233
234
235
237
238
239
240
241
242
243
244
246
247
248
249
250
252
254
255
256
257
258
259
260
261
263
264
265
266
267
268
269
270
273
274
275
276
277
278
279
280
281
282
284
285
286
287
288
289
290
291
292
293
294
295
296
299
300
301
