0
1
2
4
5
6
7
8
10
11
12
13
14
16
17
18
19
21
22
23
24
25
26
29
31
32
33
34
35
36
37
38
39
40
41
42
43
45
46
47
48
49
51
57
58
59
60
61
64
65
66
67
68
69
70
71
72
73
74
75
76
77
78
79
82
83
84
88
90
92
93
94
95
96
97
99
100
101
103
104
106
108
109
110
111
113
114
115
116
117
118
119
120
121
122
123
125
126
127
128
129
130
131
132
133
134
136
137
138
139
140
142
143
144
145
147
148
150
151
152
153
154
155
156
157
158
159
160
161
162
163
164
165
167
168
169
170
171
172
174
175
177
178
180
181
182
183
184
185
186
187
188
189
190
191
192
194
195
196
197
198
199
200
202
203
205
206
207
208
209
210
211
213
214
215
216
217
218
219
222
223
224
226
227
228
229
230
231
232
233
234
235
236
237
238
239
240
241
242
244
246
247
248
249
250
251
252
253
254
255
256
257
259
260
261
262
264
265
267
269
270
273
274
275
276
277
278
279
280
281
283
284
285
286
287
288
289
291
292
293
294
295
296
299
300
301
