0
1
2
3
4
5
7
8
9
10
11
12
13
14
15
16
17
18
19
20
21
22
23
25
26
27
28
29
30
31
32
34
35
36
37
38
39
40
41
42
43
46
47
49
50
51
52
53
54
55
58
59
60
61
62
63
64
65
67
68
69
71
73
74
76
78
81
82
84
85
86
87
88
89
90
91
93
94
95
96
99
100
101
102
103
106
107
108
109
110
112
113
116
117
118
119
120
121
122
124
126
127
128
129
130
131
132
133
134
135
136
137
139
141
142
144
145
146
147
148
149
150
151
152
154
155
157
158
159
161
163
166
167
168
171
172
173
176
178
179
180
181
183
184
185
186
187
188
190
191
192
194
195
196
197
198
199
200
201
202
203
204
205
206
208
209
210
212
213
214
215
216
217
219
220
221
222
223
226
227
228
229
230
231
232
233
235
236
237
238
239
241
243
244
245
246
247
250
251
252
253
254
255
256
257
258
259
260
261
262
263
264
265
266
267
269
270
271
273
274
275
276
277
278
279
280
281
283
284
286
287
288
289
290
292
293
294
295
296
297
298
299
300
302
303
304
305
