0
1
2
3
4
5
6
7
8
11
12
13
14
15
16
18
19
20
21
22
23
24
25
27
28
30
32
34
35
38
39
40
41
44
46
47
49
51
53
54
55
57
58
59
60
61
62
63
64
65
66
67
68
69
70
71
72
73
74
76
78
79
80
81
82
83
84
85
86
87
88
89
90
91
93
94
95
96
99
100
101
102
105
106
107
108
109
110
111
112
113
114
115
116
117
118
119
120
121
122
123
124
125
126
127
128
129
130
131
132
133
134
135
137
138
139
141
142
144
145
146
147
148
149
151
152
153
154
155
157
158
159
161
164
166
167
168
169
171
172
173
175
176
178
179
180
181
182
183
184
186
187
188
190
191
194
195
198
199
200
201
202
203
204
205
206
207
209
210
211
212
213
214
215
216
217
218
219
220
221
222
223
224
225
226
227
228
229
230
231
232
233
235
236
237
238
241
243
244
245
246
247
248
250
251
252
253
254
255
256
257
258
259
261
262
263
264
265
266
267
270
271
273
274
275
276
277
278
279
280
283
286
287
288
289
290
292
293
294
295
296
297
298
299
300
302
303
305
