0
1
2
3
5
6
9
10
11
12
14
15
16
17
18
19
20
21
22
23
24
26
28
29
30
31
34
35
36
37
38
39
40
41
42
43
44
46
47
49
50
51
52
53
54
55
57
58
59
60
63
64
65
66
67
68
69
70
71
72
73
74
76
78
79
80
81
82
83
84
85
86
87
88
89
91
93
94
95
96
99
100
101
102
103
105
106
107
108
109
110
111
112
113
114
115
117
118
119
120
122
123
124
125
126
127
128
129
130
131
132
133
135
136
137
138
139
141
142
144
145
146
148
150
151
152
153
154
155
159
161
163
164
166
167
168
169
171
173
175
176
178
179
180
181
182
184
185
186
187
188
190
191
192
195
196
197
198
199
200
201
202
203
204
205
206
207
208
209
210
211
212
213
214
215
216
217
218
219
220
221
222
223
224
225
227
228
229
230
231
232
233
235
236
237
238
239
241
243
245
247
248
250
251
252
253
254
255
256
257
258
259
260
261
262
263
264
265
266
267
269
270
271
273
274
275
276
279
280
281
283
284
286
288
289
290
292
293
295
296
297
298
299
302
303
304
305
