0
1
2
3
4
5
6
7
8
9
10
11
12
13
14
17
19
20
21
22
23
24
25
26
27
29
31
32
34
35
36
37
38
39
40
41
42
43
44
46
47
49
50
51
52
53
54
57
58
59
60
61
62
63
64
65
66
67
69
70
71
72
74
78
79
80
81
82
83
84
85
86
87
89
90
91
93
95
96
99
100
101
102
103
105
107
108
109
110
111
112
113
114
115
116
117
118
119
120
121
122
123
124
125
126
127
128
129
132
133
134
135
136
137
138
139
141
142
144
145
146
147
148
149
150
151
152
153
154
155
157
158
159
161
163
164
166
167
169
171
172
173
175
176
178
179
180
181
182
183
184
185
186
187
188
190
191
192
194
195
196
197
198
199
201
203
204
205
206
207
208
209
211
212
213
215
216
218
220
223
224
225
226
227
228
229
230
231
232
233
236
237
238
239
241
243
244
245
246
247
248
250
251
252
253
254
255
256
257
258
259
260
261
262
263
264
265
266
267
269
270
271
273
276
277
278
280
281
284
286
287
288
289
290
292
293
294
295
296
297
298
299
300
302
303
304
305
