0
1
3
4
5
6
8
9
11
13
14
15
18
19
20
21
23
24
25
26
27
28
29
30
31
32
34
35
36
37
38
39
40
41
42
43
44
45
46
47
48
49
51
53
54
55
56
57
58
60
61
62
63
64
65
66
67
68
69
70
72
73
74
75
76
77
78
79
81
82
83
84
85
86
87
88
89
90
91
92
93
94
96
97
98
99
100
101
102
103
104
105
108
109
110
111
112
113
116
119
120
121
123
124
125
126
127
129
132
133
134
135
136
137
138
139
141
142
143
144
146
147
148
149
150
151
155
156
157
158
159
160
161
162
163
164
165
168
169
170
171
174
175
177
178
179
181
182
183
187
189
190
191
192
193
195
197
198
200
201
202
204
205
206
208
209
210
211
212
213
215
216
217
218
220
221
222
223
224
225
226
227
228
229
230
231
234
235
237
238
240
241
242
244
245
246
247
248
249
250
251
252
253
254
255
256
257
258
259
260
261
262
263
264
265
266
267
268
269
270
271
272
273
274
275
277
278
279
280
281
282
285
286
287
288
289
290
291
293
294
295
296
297
298
300
302
303
304
305
