0
1
3
4
5
6
7
8
9
10
11
12
13
15
16
18
19
20
21
22
23
24
25
26
27
28
29
30
32
33
34
35
37
38
39
42
43
44
45
47
48
49
51
52
53
55
56
57
58
59
60
61
62
63
64
65
66
67
68
69
70
72
73
74
75
76
77
78
79
80
81
82
83
84
85
86
87
88
89
90
91
92
97
98
99
100
101
102
103
104
105
106
108
109
110
112
113
114
116
119
120
121
123
124
125
126
127
129
131
132
133
134
135
136
137
139
140
141
142
143
144
145
147
148
149
150
151
155
156
157
158
159
160
161
162
163
164
165
167
168
169
171
172
173
174
175
176
177
178
179
181
182
183
185
187
189
190
191
192
193
197
198
199
201
202
203
204
205
206
207
208
210
211
212
213
215
217
218
220
221
222
224
225
226
229
230
231
233
235
236
237
238
240
241
242
244
245
246
247
248
249
250
251
252
253
254
255
256
257
258
259
260
261
262
263
264
265
266
267
268
270
271
272
273
274
275
277
278
280
281
282
284
285
286
287
288
289
290
291
293
294
295
299
300
301
302
303
304
305
