0
1
3
4
6
7
8
9
10
11
12
14
15
16
18
19
20
21
22
23
24
25
26
27
29
30
31
32
33
34
36
37
38
39
40
41
42
43
44
45
46
47
48
51
52
53
54
56
57
58
59
60
61
62
63
65
66
67
68
69
70
72
73
74
75
76
77
78
79
80
81
83
84
85
86
87
88
89
90
93
94
96
99
101
102
103
104
105
106
108
109
110
111
112
113
114
116
119
121
123
124
125
126
127
129
131
132
133
135
136
137
138
139
140
141
142
143
145
146
148
149
150
151
155
156
157
158
159
160
161
162
163
164
165
167
168
169
170
171
172
173
174
176
177
178
179
181
183
185
187
189
190
191
192
193
195
197
198
199
200
201
202
203
204
205
206
207
208
209
210
211
213
216
217
218
220
221
223
224
225
226
227
228
229
230
231
233
234
235
236
237
238
240
241
242
245
246
247
249
251
252
253
254
255
256
257
258
259
260
261
262
263
264
265
266
267
268
269
270
272
273
274
275
277
278
279
281
282
284
286
287
288
289
290
291
293
294
295
296
297
298
299
300
301
302
303
304
305
