0
1
3
4
5
7
8
9
10
11
12
13
14
15
16
18
19
20
21
22
23
24
25
26
27
28
29
30
31
32
33
34
35
36
37
38
39
40
41
42
43
44
45
46
47
48
49
51
52
53
54
55
57
58
59
60
61
62
63
64
65
66
67
68
69
70
72
73
74
75
76
77
78
79
80
81
82
83
84
86
87
88
91
92
93
94
96
97
98
100
101
102
103
104
105
106
108
109
110
111
112
113
114
116
119
120
121
124
125
126
127
129
131
132
133
134
136
137
138
139
140
141
142
143
144
145
146
147
148
150
155
156
157
158
159
160
162
164
165
167
169
170
171
172
173
174
175
176
177
178
179
181
182
183
185
189
190
191
192
195
198
199
200
201
203
204
205
207
208
209
210
212
213
215
216
217
218
220
221
222
223
224
225
226
227
228
229
230
231
233
234
235
236
237
238
240
241
242
244
245
246
247
248
249
250
253
254
255
257
258
259
260
261
262
264
265
268
269
271
272
274
275
277
278
279
280
281
284
285
286
287
288
289
290
291
293
294
295
296
297
298
299
300
301
302
303
304
305
