0
2
4
5
6
7
8
9
11
12
13
14
15
16
17
18
19
20
21
22
23
25
29
30
31
36
38
39
40
41
42
43
44
45
46
47
48
49
50
51
52
53
54
55
56
58
59
60
61
62
63
66
67
68
70
71
72
73
74
76
78
79
80
81
82
84
85
86
87
88
89
90
91
92
93
94
95
96
99
100
101
102
103
104
106
107
108
110
111
112
113
114
115
116
117
118
119
120
121
122
123
125
126
127
128
129
130
131
132
133
134
135
136
137
138
139
141
144
146
147
148
149
152
153
154
156
157
158
160
161
162
163
165
166
167
168
169
170
171
172
173
174
175
176
177
178
179
182
183
184
185
186
187
188
189
190
191
193
194
195
196
197
198
200
201
202
203
204
206
208
209
210
211
212
215
216
217
220
221
225
226
227
228
229
230
232
233
235
236
237
238
239
240
241
242
243
244
245
246
248
249
250
251
253
254
255
256
258
259
262
263
264
266
267
268
269
270
271
272
273
274
275
277
278
279
280
282
283
284
285
286
287
288
290
292
293
294
295
296
297
299
300
301
302
303
304
305
306
307
308
310
311
312
313
314
315
316
317
319
320
322
323
324
325
327
328
329
330
331
332
333
334
336
337
338
339
340
341
