0
1
2
3
5
6
7
9
11
12
13
14
15
16
17
18
19
20
21
23
24
25
26
29
30
31
33
35
36
38
39
40
41
44
45
46
47
48
49
50
51
52
53
54
55
56
57
58
59
61
62
63
65
68
70
71
73
74
76
78
79
80
81
82
83
84
85
86
87
88
90
91
92
93
94
95
96
97
99
100
101
102
103
106
107
108
109
110
111
112
113
114
115
116
117
118
119
120
121
122
123
124
125
126
127
128
129
130
131
132
133
134
135
136
137
138
139
140
141
143
144
146
147
148
152
153
154
155
156
157
159
160
161
162
163
164
165
166
167
168
169
170
171
172
173
174
175
176
177
178
180
181
182
183
184
185
186
187
188
189
190
191
193
194
195
196
197
200
201
202
203
204
206
207
208
209
211
213
215
216
217
218
220
221
222
223
224
225
226
227
228
229
230
231
232
233
236
237
238
240
241
242
243
244
245
246
248
249
250
251
253
255
256
257
258
259
260
262
263
264
266
267
268
269
270
271
272
273
274
275
276
277
278
279
280
282
283
285
286
288
290
293
296
297
298
299
300
301
302
303
304
305
306
307
308
309
310
311
312
313
314
315
316
319
320
322
323
324
325
327
328
330
331
334
336
338
339
340
341
