0
1
2
3
4
5
6
7
9
10
13
14
15
17
18
19
20
22
25
26
28
29
30
31
32
33
34
35
36
38
39
40
42
43
44
45
46
47
48
49
53
55
56
57
58
59
60
61
62
63
64
65
66
68
70
71
72
73
75
76
77
78
79
80
81
82
83
84
86
88
90
91
92
93
94
95
96
97
98
99
101
102
103
104
105
106
108
113
114
116
117
118
119
122
123
124
125
126
127
128
130
131
132
133
134
135
137
140
141
142
144
145
147
148
149
150
151
152
153
154
155
156
157
158
159
160
162
165
166
167
168
169
170
171
173
174
175
176
177
178
179
180
181
182
183
184
185
186
188
189
191
192
193
195
196
197
198
199
202
203
204
205
207
209
210
211
212
213
214
215
216
218
219
220
221
222
223
224
225
226
227
228
230
231
232
233
234
235
236
237
238
239
240
241
242
243
244
245
246
247
248
249
250
251
252
253
254
255
256
257
258
259
261
262
263
264
265
266
267
268
269
270
271
272
274
276
278
279
280
281
282
283
284
285
286
287
290
291
292
293
294
295
298
300
301
302
303
304
305
