1
2
3
4
5
6
7
8
9
10
11
12
13
14
15
18
19
20
21
22
24
28
29
30
31
32
33
34
35
36
37
38
39
40
42
43
44
45
46
48
49
50
53
55
56
57
58
59
60
61
62
63
64
65
66
68
69
70
71
72
73
75
77
78
79
81
83
84
85
86
87
88
89
90
91
92
94
95
96
97
98
99
101
102
103
104
105
106
107
108
109
112
113
114
115
116
117
118
119
122
123
124
125
126
127
128
129
130
131
132
133
134
137
139
140
141
142
143
144
147
148
149
150
151
152
153
154
155
156
157
158
159
160
161
162
164
165
166
167
168
169
173
174
176
177
179
180
181
184
185
186
187
188
189
190
191
192
193
194
195
196
197
198
199
202
203
204
205
206
207
209
210
211
212
213
214
215
216
218
220
221
222
223
224
225
226
228
229
230
231
232
233
234
235
236
237
238
239
242
243
245
246
247
248
249
250
251
252
254
255
256
257
258
259
261
262
263
264
265
266
267
268
269
271
272
273
274
276
278
279
280
281
283
284
285
286
287
289
291
292
293
294
295
298
300
302
304
305
