0
1
2
3
4
6
7
8
9
10
11
12
13
14
17
18
19
21
22
24
25
26
28
29
30
31
32
33
34
36
37
39
40
42
43
44
45
46
47
48
49
50
53
55
56
57
58
59
60
61
63
64
65
66
68
69
70
71
72
73
75
76
77
78
79
80
81
82
83
84
85
86
87
88
89
90
91
93
94
95
96
97
98
99
101
102
103
104
105
106
107
109
112
113
114
115
116
117
118
119
122
123
124
125
126
127
128
129
131
132
133
134
135
139
140
141
142
143
144
145
147
148
150
151
152
153
155
157
158
159
161
162
164
165
166
167
168
169
170
171
173
174
175
176
177
178
179
180
181
182
183
184
186
187
189
190
191
192
193
194
195
196
197
199
202
204
205
206
207
209
210
211
212
213
214
215
216
218
219
220
221
222
223
224
226
227
229
231
232
233
234
235
236
237
238
239
240
241
243
244
245
246
247
248
249
250
251
253
254
257
258
259
261
262
263
264
265
266
267
268
269
270
271
272
273
274
276
278
279
280
281
282
283
284
286
287
289
290
291
292
293
294
295
298
301
302
303
304
305
